date,5. volume,4. close,2. high,1. open,3. low
2004-03-30,271500.0,12.37,13.5,13.5,12.1
2004-03-31,86300.0,12.5,12.5,12.3,12.3
2004-04-01,50800.0,12.75,12.75,12.5,12.35
2004-04-02,35600.0,12.66,12.96,12.51,12.51
2004-04-05,26400.0,13.25,13.25,12.7,12.7
2004-04-06,3300.0,12.75,12.9,12.75,12.75
2004-04-07,7500.0,13.1,13.12,12.85,12.85
2004-04-08,21000.0,12.9,13.0,12.95,12.55
2004-04-12,5800.0,12.76,12.8,12.8,12.76
2004-04-13,15300.0,12.5,12.76,12.76,12.5
2004-04-14,22800.0,12.0,12.5,12.25,12.0
2004-04-15,0.0,12.0,12.0,12.0,12.0
2004-04-16,8400.0,11.35,11.5,11.5,11.35
2004-04-19,5200.0,11.6,11.9,11.45,11.25
2004-04-20,1000.0,11.25,11.55,11.51,11.25
2004-04-21,3500.0,12.0,13.0,11.25,11.25
2004-04-22,1100.0,12.75,12.75,12.75,12.75
2004-04-23,0.0,12.75,12.75,12.75,12.75
2004-04-26,600.0,11.25,12.75,12.75,11.25
2004-04-27,0.0,11.25,11.25,11.25,11.25
2004-04-28,2800.0,11.6,13.0,13.0,11.5
2004-04-29,3600.0,11.75,11.75,11.75,11.75
2004-04-30,200.0,11.8,11.8,11.8,11.8
2004-05-03,3300.0,11.8,11.8,11.8,11.8
2004-05-04,400.0,12.0,12.0,12.0,12.0
2004-05-05,0.0,12.0,12.0,12.0,12.0
2004-05-06,4700.0,12.05,12.2,12.19,11.8
2004-05-07,4400.0,12.1,12.2,12.2,12.0
2004-05-10,5500.0,12.0,12.1,12.1,12.0
2004-05-11,3200.0,12.1,12.1,12.0,12.0
2004-05-12,2800.0,12.05,12.05,12.05,12.05
2004-05-13,9800.0,12.05,12.1,12.05,12.05
2004-05-14,5100.0,12.25,12.25,12.06,12.06
2004-05-17,5000.0,12.0,12.1,12.1,12.0
2004-05-18,43900.0,11.85,12.0,12.0,11.85
2004-05-19,0.0,11.85,11.85,11.85,11.85
2004-05-20,0.0,11.85,11.85,11.85,11.85
2004-05-21,0.0,11.85,11.85,11.85,11.85
2004-05-24,18300.0,11.85,11.92,11.92,11.83
2004-05-25,6500.0,11.77,11.87,11.87,11.77
2004-05-26,0.0,11.77,11.77,11.77,11.77
2004-05-27,0.0,11.77,11.77,11.77,11.77
2004-05-28,0.0,11.77,11.77,11.77,11.77
2004-06-01,10000.0,11.87,11.87,11.87,11.85
2004-06-02,2000.0,11.85,11.87,11.87,11.85
2004-06-03,5400.0,11.95,11.95,11.87,11.85
2004-06-04,500.0,11.9,11.9,11.9,11.9
2004-06-07,3700.0,11.9,11.9,11.87,11.85
2004-06-08,0.0,11.9,11.9,11.9,11.9
2004-06-09,0.0,11.9,11.9,11.9,11.9
2004-06-10,600.0,11.8,11.8,11.8,11.8
2004-06-14,0.0,11.8,11.8,11.8,11.8
2004-06-15,2800.0,11.9,11.9,11.86,11.86
2004-06-16,100.0,12.0,12.0,12.0,12.0
2004-06-17,0.0,12.0,12.0,12.0,12.0
2004-06-18,3000.0,11.85,12.0,12.0,11.85
2004-06-21,1400.0,11.85,11.85,11.85,11.85
2004-06-22,0.0,11.85,11.85,11.85,11.85
2004-06-23,0.0,11.85,11.85,11.85,11.85
2004-06-24,0.0,11.85,11.85,11.85,11.85
2004-06-25,0.0,11.85,11.85,11.85,11.85
2004-06-28,0.0,11.85,11.85,11.85,11.85
2004-06-29,0.0,11.85,11.85,11.85,11.85
2004-06-30,400.0,12.0,12.0,12.0,12.0
2004-07-01,0.0,12.0,12.0,12.0,12.0
2004-07-02,0.0,12.0,12.0,12.0,12.0
2004-07-06,0.0,12.0,12.0,12.0,12.0
2004-07-07,0.0,12.0,12.0,12.0,12.0
2004-07-08,300.0,12.35,12.35,12.35,12.35
2004-07-09,1300.0,11.95,12.45,12.45,11.95
2004-07-12,0.0,11.95,11.95,11.95,11.95
2004-07-13,0.0,11.95,11.95,11.95,11.95
2004-07-14,0.0,11.95,11.95,11.95,11.95
2004-07-15,400.0,12.1,12.1,11.95,11.95
2004-07-16,0.0,12.1,12.1,12.1,12.1
2004-07-19,0.0,12.1,12.1,12.1,12.1
2004-07-20,1000.0,11.95,11.95,11.95,11.95
2004-07-21,700.0,11.95,11.95,11.95,11.95
2004-07-22,0.0,11.95,11.95,11.95,11.95
2004-07-23,0.0,11.95,11.95,11.95,11.95
2004-07-26,700.0,11.91,11.91,11.9,11.9
2004-07-27,0.0,11.91,11.91,11.91,11.91
2004-07-28,0.0,11.91,11.91,11.91,11.91
2004-07-29,200.0,11.9,11.9,11.9,11.9
2004-07-30,100.0,11.9,11.9,11.9,11.9
2004-08-02,0.0,11.9,11.9,11.9,11.9
2004-08-03,0.0,11.9,11.9,11.9,11.9
2004-08-04,0.0,11.9,11.9,11.9,11.9
2004-08-05,1100.0,12.0,12.0,12.0,11.9
2004-08-06,2300.0,11.85,11.9,11.9,11.85
2004-08-09,0.0,11.85,11.85,11.85,11.85
2004-08-10,0.0,11.85,11.85,11.85,11.85
2004-08-11,200.0,11.8,11.8,11.8,11.8
2004-08-12,0.0,11.8,11.8,11.8,11.8
2004-08-13,0.0,11.8,11.8,11.8,11.8
2004-08-16,0.0,11.8,11.8,11.8,11.8
2004-08-17,0.0,11.8,11.8,11.8,11.8
2004-08-18,0.0,11.8,11.8,11.8,11.8
2004-08-19,0.0,11.8,11.8,11.8,11.8
2004-08-20,200.0,11.8,11.8,11.8,11.8
2004-08-23,0.0,11.8,11.8,11.8,11.8
2004-08-24,0.0,11.8,11.8,11.8,11.8
2004-08-25,1700.0,11.8,11.8,11.8,11.8
2004-08-26,0.0,11.8,11.8,11.8,11.8
2004-08-27,0.0,11.8,11.8,11.8,11.8
2004-08-30,0.0,11.8,11.8,11.8,11.8
2004-08-31,0.0,11.8,11.8,11.8,11.8
2004-09-01,0.0,11.8,11.8,11.8,11.8
2004-09-02,0.0,11.8,11.8,11.8,11.8
2004-09-03,0.0,11.8,11.8,11.8,11.8
2004-09-07,200.0,11.8,11.8,11.8,11.8
2004-09-08,0.0,11.8,11.8,11.8,11.8
2004-09-09,200.0,11.8,11.8,11.8,11.8
2004-09-10,0.0,11.8,11.8,11.8,11.8
2004-09-13,1100.0,11.95,12.0,12.0,11.95
2004-09-14,1200.0,12.25,12.25,12.1,12.1
2004-09-15,1700.0,12.25,12.5,12.25,12.25
2004-09-16,1700.0,12.25,12.5,12.5,12.25
2004-09-17,1400.0,12.75,12.75,12.3,12.3
2004-09-20,4300.0,12.5,12.5,12.5,12.45
2004-09-21,200.0,12.45,12.45,12.45,12.45
2004-09-22,5600.0,12.5,12.75,12.75,12.45
2004-09-23,3400.0,12.7,12.75,12.5,12.5
2004-09-24,500.0,12.7,12.7,12.7,12.7
2004-09-27,0.0,12.7,12.7,12.7,12.7
2004-09-28,300.0,12.6,12.6,12.6,12.6
2004-09-29,500.0,12.65,12.65,12.65,12.65
2004-09-30,0.0,12.65,12.65,12.65,12.65
2004-10-01,0.0,12.65,12.65,12.65,12.65
2004-10-04,0.0,12.65,12.65,12.65,12.65
2004-10-05,1400.0,12.7,12.7,12.6,12.6
2004-10-06,400.0,12.5,12.7,12.7,12.5
2004-10-07,0.0,12.5,12.5,12.5,12.5
2004-10-08,1700.0,12.75,12.75,12.75,12.75
2004-10-11,0.0,12.75,12.75,12.75,12.75
2004-10-12,0.0,12.75,12.75,12.75,12.75
2004-10-13,700.0,12.75,12.75,12.75,12.75
2004-10-14,2300.0,12.75,12.75,12.5,12.5
2004-10-15,0.0,12.75,12.75,12.75,12.75
2004-10-18,700.0,12.7,12.7,12.65,12.65
2004-10-19,0.0,12.7,12.7,12.7,12.7
2004-10-20,800.0,12.75,12.75,12.7,12.7
2004-10-21,200.0,12.8,12.8,12.8,12.8
2004-10-22,0.0,12.8,12.8,12.8,12.8
2004-10-25,0.0,12.8,12.8,12.8,12.8
2004-10-26,600.0,12.95,12.95,12.95,12.95
2004-10-27,800.0,13.0,13.0,12.7,12.7
2004-10-28,2000.0,13.25,13.25,12.9,12.9
2004-10-29,200.0,13.25,13.25,13.25,13.25
2004-11-01,900.0,13.6,13.6,13.25,13.25
2004-11-02,4800.0,13.6,13.6,13.5,13.0
2004-11-03,800.0,13.85,13.85,13.75,13.5
2004-11-04,300.0,13.9,13.9,13.9,13.9
2004-11-05,200.0,13.85,13.85,13.85,13.85
2004-11-08,0.0,13.85,13.85,13.85,13.85
2004-11-09,1000.0,14.35,14.35,14.0,14.0
2004-11-10,3400.0,14.5,14.55,14.5,14.1
2004-11-11,400.0,14.65,14.65,14.4,14.4
2004-11-12,1600.0,14.5,14.65,14.25,14.25
2004-11-15,200.0,14.5,14.5,14.5,14.5
2004-11-16,0.0,14.5,14.5,14.5,14.5
2004-11-17,0.0,14.5,14.5,14.5,14.5
2004-11-18,0.0,14.5,14.5,14.5,14.5
2004-11-19,0.0,14.5,14.5,14.5,14.5
2004-11-22,1000.0,15.0,15.5,14.75,14.75
2004-11-23,500.0,14.8,14.8,14.8,14.8
2004-11-24,2200.0,15.0,15.25,15.25,15.0
2004-11-26,0.0,15.0,15.0,15.0,15.0
2004-11-29,0.0,15.0,15.0,15.0,15.0
2004-11-30,0.0,15.0,15.0,15.0,15.0
2004-12-01,800.0,15.0,15.25,15.25,15.0
2004-12-02,0.0,15.0,15.0,15.0,15.0
2004-12-03,2700.0,15.2,15.2,15.2,15.2
2004-12-06,0.0,15.2,15.2,15.2,15.2
2004-12-07,700.0,15.05,15.05,15.05,15.05
2004-12-08,0.0,15.05,15.05,15.05,15.05
2004-12-09,1600.0,15.1,15.1,15.1,15.1
2004-12-10,700.0,15.1,15.1,15.1,15.1
2004-12-13,0.0,15.1,15.1,15.1,15.1
2004-12-14,0.0,15.1,15.1,15.1,15.1
2004-12-15,600.0,15.0,15.0,15.0,15.0
2004-12-16,400.0,15.1,15.1,15.1,15.1
2004-12-17,0.0,15.1,15.1,15.1,15.1
2004-12-20,0.0,15.1,15.1,15.1,15.1
2004-12-21,0.0,15.1,15.1,15.1,15.1
2004-12-22,0.0,15.1,15.1,15.1,15.1
2004-12-23,0.0,15.1,15.1,15.1,15.1
2004-12-27,1100.0,14.8,15.0,15.0,14.8
2004-12-28,0.0,14.8,14.8,14.8,14.8
2004-12-29,400.0,14.9,14.9,14.9,14.9
2004-12-30,800.0,15.0,15.0,15.0,15.0
2004-12-31,300.0,15.0,15.0,15.0,15.0
2005-01-03,900.0,14.9,15.0,15.0,14.9
2005-01-04,0.0,14.9,14.9,14.9,14.9
2005-01-05,900.0,14.9,14.9,14.85,14.85
2005-01-06,12500.0,14.5,14.75,14.75,14.5
2005-01-07,4200.0,15.0,15.0,14.75,14.5
2005-01-10,0.0,15.0,15.0,15.0,15.0
2005-01-11,100.0,15.0,15.0,15.0,15.0
2005-01-12,1000.0,14.75,14.75,14.75,14.75
2005-01-13,800.0,14.2,14.7,14.7,14.2
2005-01-14,1000.0,13.9,14.0,14.0,13.9
2005-01-18,3200.0,13.85,13.85,13.85,13.75
2005-01-19,2500.0,13.6,13.75,13.75,13.6
2005-01-20,2300.0,13.0,13.5,13.5,13.0
2005-01-21,1200.0,13.6,13.62,13.25,13.25
2005-01-24,600.0,13.6,13.6,13.59,13.59
2005-01-25,100.0,13.6,13.6,13.6,13.6
2005-01-26,0.0,13.6,13.6,13.6,13.6
2005-01-27,0.0,13.6,13.6,13.6,13.6
2005-01-28,800.0,13.6,13.6,13.55,13.55
2005-01-31,0.0,13.6,13.6,13.6,13.6
2005-02-01,500.0,13.1,13.1,13.1,13.1
2005-02-02,200.0,13.45,13.45,13.45,13.45
2005-02-03,300.0,13.45,13.45,13.45,13.45
2005-02-04,0.0,13.45,13.45,13.45,13.45
2005-02-07,5400.0,13.6,13.6,13.6,13.6
2005-02-08,2500.0,13.8,14.5,14.0,13.8
2005-02-09,400.0,14.0,14.0,14.0,14.0
2005-02-10,3700.0,15.25,15.45,14.5,14.5
2005-02-11,26500.0,15.0,15.25,15.25,14.95
2005-02-14,5300.0,15.0,15.0,15.0,15.0
2005-02-15,500.0,15.1,15.15,15.15,15.1
2005-02-16,0.0,15.1,15.1,15.1,15.1
2005-02-17,3500.0,15.0,15.03,15.03,15.0
2005-02-18,4900.0,15.0,15.01,15.01,15.0
2005-02-22,11900.0,14.8,15.0,15.0,14.8
2005-02-23,1200.0,14.95,14.95,14.85,14.85
2005-02-24,4300.0,14.65,14.85,14.85,14.5
2005-02-25,3000.0,14.8,14.8,14.7,14.7
2005-02-28,31800.0,14.95,14.95,14.8,14.8
2005-03-01,3900.0,15.0,15.5,15.5,15.0
2005-03-02,3000.0,15.0,15.0,15.0,15.0
2005-03-03,3000.0,15.0,15.0,15.0,15.0
2005-03-04,2200.0,15.0,15.0,15.0,15.0
2005-03-07,0.0,15.0,15.0,15.0,15.0
2005-03-08,1800.0,14.98,14.98,14.98,14.95
2005-03-09,35700.0,14.95,14.95,14.95,14.95
2005-03-10,400.0,14.83,14.9,14.9,14.83
2005-03-11,4200.0,14.4,14.65,14.65,14.4
2005-03-14,0.0,14.4,14.4,14.4,14.4
2005-03-15,0.0,14.4,14.4,14.4,14.4
2005-03-16,0.0,14.4,14.4,14.4,14.4
2005-03-17,0.0,14.4,14.4,14.4,14.4
2005-03-18,400.0,14.75,14.75,14.75,14.75
2005-03-21,3000.0,15.0,15.5,15.5,15.0
2005-03-22,0.0,15.0,15.0,15.0,15.0
2005-03-23,400.0,14.75,14.75,14.5,14.5
2005-03-24,0.0,14.75,14.75,14.75,14.75
2005-03-28,800.0,14.4,14.5,14.5,14.05
2005-03-29,500.0,14.75,14.75,14.75,14.75
2005-03-30,300.0,14.75,14.9,14.9,14.75
2005-03-31,0.0,14.75,14.75,14.75,14.75
2005-04-01,0.0,14.75,14.75,14.75,14.75
2005-04-04,900.0,14.5,14.5,14.25,14.25
2005-04-05,0.0,14.5,14.5,14.5,14.5
2005-04-06,2200.0,14.25,14.25,14.25,14.25
2005-04-07,0.0,14.25,14.25,14.25,14.25
2005-04-08,2000.0,14.25,14.5,14.5,14.25
2005-04-11,15300.0,13.0,14.0,14.0,13.0
2005-04-12,600.0,12.75,13.0,13.0,12.75
2005-04-13,0.0,12.75,12.75,12.75,12.75
2005-04-14,200.0,12.8,12.8,12.8,12.8
2005-04-15,1700.0,12.75,12.75,12.75,12.75
2005-04-18,0.0,12.75,12.75,12.75,12.75
2005-04-19,0.0,12.75,12.75,12.75,12.75
2005-04-20,500.0,12.8,12.8,12.8,12.8
2005-04-21,200.0,12.8,12.8,12.8,12.8
2005-04-22,400.0,12.8,12.8,12.8,12.8
2005-04-25,0.0,12.8,12.8,12.8,12.8
2005-04-26,300.0,12.95,12.95,12.95,12.95
2005-04-27,0.0,12.95,12.95,12.95,12.95
2005-04-28,800.0,13.05,13.05,12.95,12.95
2005-04-29,2600.0,13.05,13.05,13.05,13.0
2005-05-02,0.0,13.05,13.05,13.05,13.05
2005-05-03,0.0,13.05,13.05,13.05,13.05
2005-05-04,0.0,13.05,13.05,13.05,13.05
2005-05-05,900.0,13.0,13.0,13.0,13.0
2005-05-06,600.0,13.0,13.0,13.0,13.0
2005-05-09,0.0,13.0,13.0,13.0,13.0
2005-05-10,0.0,13.0,13.0,13.0,13.0
2005-05-11,1500.0,13.05,13.05,13.05,13.05
2005-05-12,0.0,13.05,13.05,13.05,13.05
2005-05-13,0.0,13.05,13.05,13.05,13.05
2005-05-16,0.0,13.05,13.05,13.05,13.05
2005-05-17,400.0,13.2,13.2,13.2,13.2
2005-05-18,900.0,13.2,13.2,13.05,13.05
2005-05-19,0.0,13.2,13.2,13.2,13.2
2005-05-20,800.0,13.75,13.75,13.75,13.75
2005-05-23,0.0,13.75,13.75,13.75,13.75
2005-05-24,200.0,13.5,13.5,13.5,13.5
2005-05-25,0.0,13.5,13.5,13.5,13.5
2005-05-26,500.0,13.5,13.5,13.5,13.5
2005-05-27,0.0,13.5,13.5,13.5,13.5
2005-05-31,0.0,13.5,13.5,13.5,13.5
2005-06-01,0.0,13.5,13.5,13.5,13.5
2005-06-02,300.0,13.15,13.15,13.15,13.15
2005-06-03,0.0,13.15,13.15,13.15,13.15
2005-06-06,0.0,13.15,13.15,13.15,13.15
2005-06-07,0.0,13.15,13.15,13.15,13.15
2005-06-08,0.0,13.15,13.15,13.15,13.15
2005-06-09,200.0,13.15,13.15,13.15,13.15
2005-06-10,600.0,13.05,13.15,13.15,13.05
2005-06-13,0.0,13.05,13.05,13.05,13.05
2005-06-14,0.0,13.05,13.05,13.05,13.05
2005-06-15,1500.0,13.05,13.05,13.05,13.05
2005-06-16,200.0,13.15,13.15,13.15,13.15
2005-06-17,0.0,13.15,13.15,13.15,13.15
2005-06-20,7500.0,13.1,13.1,13.1,13.1
2005-06-21,200.0,13.1,13.1,13.1,13.1
2005-06-22,0.0,13.1,13.1,13.1,13.1
2005-06-23,0.0,13.1,13.1,13.1,13.1
2005-06-24,0.0,13.1,13.1,13.1,13.1
2005-06-27,400.0,13.0,13.0,13.0,13.0
2005-06-28,0.0,13.0,13.0,13.0,13.0
2005-06-29,4000.0,13.0,13.0,13.0,13.0
2005-06-30,0.0,13.0,13.0,13.0,13.0
2005-07-01,200.0,13.0,13.0,13.0,13.0
2005-07-05,0.0,13.0,13.0,13.0,13.0
2005-07-06,0.0,13.0,13.0,13.0,13.0
2005-07-07,0.0,13.0,13.0,13.0,13.0
2005-07-08,0.0,13.0,13.0,13.0,13.0
2005-07-11,0.0,13.0,13.0,13.0,13.0
2005-07-12,300.0,12.6,12.6,12.6,12.6
2005-07-13,0.0,12.6,12.6,12.6,12.6
2005-07-14,0.0,12.6,12.6,12.6,12.6
2005-07-15,300.0,12.78,12.78,12.78,12.78
2005-07-18,0.0,12.78,12.78,12.78,12.78
2005-07-19,0.0,12.78,12.78,12.78,12.78
2005-07-20,800.0,12.7,12.7,12.7,12.7
2005-07-21,400.0,12.7,12.7,12.7,12.7
2005-07-22,0.0,12.7,12.7,12.7,12.7
2005-07-25,0.0,12.7,12.7,12.7,12.7
2005-07-26,200.0,12.7,12.7,12.7,12.7
2005-07-27,300.0,12.7,12.7,12.7,12.7
2005-07-28,0.0,12.7,12.7,12.7,12.7
2005-07-29,0.0,12.7,12.7,12.7,12.7
2005-08-01,0.0,12.7,12.7,12.7,12.7
2005-08-02,1400.0,12.75,12.75,12.71,12.71
2005-08-03,0.0,12.75,12.75,12.75,12.75
2005-08-04,0.0,12.75,12.75,12.75,12.75
2005-08-05,0.0,12.75,12.75,12.75,12.75
2005-08-08,1000.0,12.7,12.7,12.7,12.7
2005-08-09,0.0,12.7,12.7,12.7,12.7
2005-08-10,0.0,12.7,12.7,12.7,12.7
2005-08-11,0.0,12.7,12.7,12.7,12.7
2005-08-12,0.0,12.7,12.7,12.7,12.7
2005-08-15,0.0,12.7,12.7,12.7,12.7
2005-08-16,0.0,12.7,12.7,12.7,12.7
2005-08-17,0.0,12.7,12.7,12.7,12.7
2005-08-18,0.0,12.7,12.7,12.7,12.7
2005-08-19,0.0,12.7,12.7,12.7,12.7
2005-08-22,0.0,12.7,12.7,12.7,12.7
2005-08-23,0.0,12.7,12.7,12.7,12.7
2005-08-24,0.0,12.7,12.7,12.7,12.7
2005-08-25,0.0,12.7,12.7,12.7,12.7
2005-08-26,0.0,12.7,12.7,12.7,12.7
2005-08-29,900.0,12.87,12.87,12.87,12.87
2005-08-30,0.0,12.87,12.87,12.87,12.87
2005-08-31,200.0,12.9,12.9,12.9,12.9
2005-09-01,0.0,12.9,12.9,12.9,12.9
2005-09-02,200.0,12.75,12.75,12.75,12.75
2005-09-06,0.0,12.75,12.75,12.75,12.75
2005-09-07,0.0,12.75,12.75,12.75,12.75
2005-09-08,0.0,12.75,12.75,12.75,12.75
2005-09-09,0.0,12.75,12.75,12.75,12.75
2005-09-12,600.0,12.77,12.77,12.77,12.77
2005-09-13,500.0,12.8,12.8,12.8,12.8
2005-09-14,900.0,12.77,12.77,12.77,12.77
2005-09-15,0.0,12.77,12.77,12.77,12.77
2005-09-16,0.0,12.77,12.77,12.77,12.77
2005-09-19,0.0,12.77,12.77,12.77,12.77
2005-09-20,300.0,12.77,12.77,12.77,12.77
2005-09-21,2200.0,12.79,12.79,12.79,12.79
2005-09-22,0.0,12.79,12.79,12.79,12.79
2005-09-23,200.0,12.77,12.77,12.77,12.77
2005-09-26,900.0,12.5,12.55,12.55,12.5
2005-09-27,0.0,12.5,12.5,12.5,12.5
2005-09-28,200.0,12.5,12.5,12.5,12.5
2005-09-29,0.0,12.5,12.5,12.5,12.5
2005-09-30,0.0,12.5,12.5,12.5,12.5
2005-10-03,200.0,12.5,12.5,12.5,12.5
2005-10-04,0.0,12.5,12.5,12.5,12.5
2005-10-05,700.0,12.7,12.7,12.5,12.5
2005-10-06,0.0,12.7,12.7,12.7,12.7
2005-10-07,2000.0,12.5,12.51,12.51,12.5
2005-10-10,600.0,12.5,12.7,12.7,12.5
2005-10-11,0.0,12.5,12.5,12.5,12.5
2005-10-12,400.0,12.25,12.3,12.3,12.25
2005-10-13,1600.0,11.11,12.0,12.0,11.11
2005-10-14,0.0,11.11,11.11,11.11,11.11
2005-10-17,0.0,11.11,11.11,11.11,11.11
2005-10-18,0.0,11.11,11.11,11.11,11.11
2005-10-19,200.0,11.11,11.11,11.11,11.11
2005-10-20,0.0,11.11,11.11,11.11,11.11
2005-10-21,200.0,11.1,11.1,11.1,11.1
2005-10-24,0.0,11.1,11.1,11.1,11.1
2005-10-25,0.0,11.1,11.1,11.1,11.1
2005-10-26,0.0,11.1,11.1,11.1,11.1
2005-10-27,0.0,11.1,11.1,11.1,11.1
2005-10-28,900.0,11.05,11.05,11.0,11.0
2005-10-31,0.0,11.05,11.05,11.05,11.05
2005-11-01,200.0,11.5,11.5,11.5,11.5
2005-11-02,0.0,11.5,11.5,11.5,11.5
2005-11-03,4400.0,10.5,11.0,11.0,10.3
2005-11-04,2500.0,11.8,11.8,10.5,10.5
2005-11-07,0.0,11.8,11.8,11.8,11.8
2005-11-08,0.0,11.8,11.8,11.8,11.8
2005-11-09,0.0,11.8,11.8,11.8,11.8
2005-11-10,0.0,11.8,11.8,11.8,11.8
2005-11-11,0.0,11.8,11.8,11.8,11.8
2005-11-14,0.0,11.8,11.8,11.8,11.8
2005-11-15,0.0,11.8,11.8,11.8,11.8
2005-11-16,0.0,11.8,11.8,11.8,11.8
2005-11-17,0.0,11.8,11.8,11.8,11.8
2005-11-18,0.0,11.8,11.8,11.8,11.8
2005-11-21,0.0,11.8,11.8,11.8,11.8
2005-11-22,3900.0,12.0,12.0,12.0,11.8
2005-11-23,7300.0,12.1,12.15,12.15,12.1
2005-11-25,0.0,12.1,12.1,12.1,12.1
2005-11-28,1500.0,12.2,12.2,12.2,12.2
2005-11-29,1500.0,12.3,12.4,12.3,12.3
2005-11-30,2500.0,12.5,12.5,12.4,12.4
2005-12-01,2100.0,12.5,12.5,12.5,12.5
2005-12-02,2200.0,12.8,12.8,12.6,12.6
2005-12-05,0.0,12.8,12.8,12.8,12.8
2005-12-06,0.0,12.8,12.8,12.8,12.8
2005-12-07,0.0,12.8,12.8,12.8,12.8
2005-12-08,1700.0,13.05,13.05,13.0,13.0
2005-12-09,0.0,13.05,13.05,13.05,13.05
2005-12-12,300.0,12.7,12.7,12.7,12.7
2005-12-13,0.0,12.7,12.7,12.7,12.7
2005-12-14,600.0,13.0,13.0,13.0,13.0
2005-12-15,0.0,13.0,13.0,13.0,13.0
2005-12-16,0.0,13.0,13.0,13.0,13.0
2005-12-19,0.0,13.0,13.0,13.0,13.0
2005-12-20,0.0,13.0,13.0,13.0,13.0
2005-12-21,0.0,13.0,13.0,13.0,13.0
2005-12-22,0.0,13.0,13.0,13.0,13.0
2005-12-23,0.0,13.0,13.0,13.0,13.0
2005-12-27,0.0,13.0,13.0,13.0,13.0
2005-12-28,0.0,13.0,13.0,13.0,13.0
2005-12-29,0.0,13.0,13.0,13.0,13.0
2005-12-30,1100.0,13.2,13.2,13.0,13.0
2006-01-03,0.0,13.2,13.2,13.2,13.2
2006-01-04,0.0,13.2,13.2,13.2,13.2
2006-01-05,0.0,13.2,13.2,13.2,13.2
2006-01-06,0.0,13.2,13.2,13.2,13.2
2006-01-09,0.0,13.2,13.2,13.2,13.2
2006-01-10,0.0,13.2,13.2,13.2,13.2
2006-01-11,0.0,13.2,13.2,13.2,13.2
2006-01-12,600.0,13.2,13.2,12.9,12.9
2006-01-13,0.0,13.2,13.2,13.2,13.2
2006-01-17,300.0,13.21,13.21,13.21,13.21
2006-01-18,400.0,13.21,13.21,13.1,13.1
2006-01-19,1300.0,13.55,13.55,13.55,13.55
2006-01-20,0.0,13.55,13.55,13.55,13.55
2006-01-23,300.0,13.2,13.2,13.2,13.2
2006-01-24,4600.0,13.4,13.7,13.7,13.4
2006-01-25,0.0,13.4,13.4,13.4,13.4
2006-01-26,400.0,13.6,13.6,13.6,13.6
2006-01-27,0.0,13.6,13.6,13.6,13.6
2006-01-30,2200.0,13.5,13.5,13.4,13.4
2006-01-31,1300.0,14.0,14.0,14.0,13.5
2006-02-01,1200.0,14.0,14.0,14.0,14.0
2006-02-02,1900.0,14.0,14.0,14.0,14.0
2006-02-03,300.0,13.76,13.76,13.76,13.76
2006-02-06,400.0,13.8,13.8,13.8,13.8
2006-02-07,2000.0,14.0,14.0,13.95,13.95
2006-02-08,900.0,14.0,14.0,14.0,14.0
2006-02-09,400.0,13.9,13.9,13.9,13.9
2006-02-10,4200.0,13.8,13.9,13.9,13.7
2006-02-13,300.0,13.8,13.8,13.8,13.8
2006-02-14,2000.0,13.8,13.8,13.8,13.8
2006-02-15,0.0,13.8,13.8,13.8,13.8
2006-02-16,0.0,13.8,13.8,13.8,13.8
2006-02-17,0.0,13.8,13.8,13.8,13.8
2006-02-21,0.0,13.8,13.8,13.8,13.8
2006-02-22,0.0,13.8,13.8,13.8,13.8
2006-02-23,0.0,13.8,13.8,13.8,13.8
2006-02-24,0.0,13.8,13.8,13.8,13.8
2006-02-27,300.0,13.8,13.8,13.8,13.8
2006-02-28,0.0,13.8,13.8,13.8,13.8
2006-03-01,2400.0,14.0,14.0,13.75,13.75
2006-03-02,1000.0,14.0,14.0,14.0,14.0
2006-03-03,0.0,14.0,14.0,14.0,14.0
2006-03-06,400.0,14.25,14.25,14.25,14.25
2006-03-07,100.0,13.75,13.75,13.75,13.75
2006-03-08,1400.0,13.75,13.75,13.75,13.75
2006-03-09,200.0,13.5,13.5,13.5,13.5
2006-03-10,500.0,13.7,13.7,13.7,13.7
2006-03-13,0.0,13.7,13.7,13.7,13.7
2006-03-14,0.0,13.7,13.7,13.7,13.7
2006-03-15,4700.0,13.25,13.5,13.3,13.25
2006-03-16,2000.0,13.5,13.5,13.5,13.5
2006-03-17,0.0,13.5,13.5,13.5,13.5
2006-03-20,700.0,14.0,14.0,13.75,13.75
2006-03-21,200.0,14.0,14.0,14.0,14.0
2006-03-22,5400.0,14.25,14.25,14.0,14.0
2006-03-23,3500.0,14.0,14.0,14.0,14.0
2006-03-24,1500.0,14.0,14.0,14.0,14.0
2006-03-27,500.0,14.0,14.0,14.0,14.0
2006-03-28,0.0,14.0,14.0,14.0,14.0
2006-03-29,6500.0,14.2,14.2,14.2,14.0
2006-03-30,2000.0,14.1,14.1,14.1,14.1
2006-03-31,0.0,14.1,14.1,14.1,14.1
2006-04-03,2000.0,14.1,14.1,14.1,14.1
2006-04-04,1000.0,14.1,14.1,14.1,14.1
2006-04-05,500.0,14.25,14.25,14.25,14.25
2006-04-06,0.0,14.25,14.25,14.25,14.25
2006-04-07,0.0,14.25,14.25,14.25,14.25
2006-04-10,900.0,13.95,14.2,14.2,13.95
2006-04-11,1900.0,13.8,13.9,13.9,13.8
2006-04-12,1200.0,13.9,13.9,13.8,13.8
2006-04-13,0.0,13.9,13.9,13.9,13.9
2006-04-17,4300.0,13.9,13.9,13.9,13.9
2006-04-18,1000.0,14.25,14.25,13.9,13.9
2006-04-19,0.0,14.25,14.25,14.25,14.25
2006-04-20,0.0,14.25,14.25,14.25,14.25
2006-04-21,400.0,14.25,14.25,14.25,14.25
2006-04-24,500.0,14.14,14.14,14.14,14.14
2006-04-25,500.0,13.75,14.2,14.2,13.75
2006-04-26,0.0,13.75,13.75,13.75,13.75
2006-04-27,12600.0,17.8,18.0,15.5,15.5
2006-04-28,8700.0,17.9,18.0,17.8,17.8
2006-05-01,2000.0,17.9,18.0,18.0,17.9
2006-05-02,23700.0,17.95,17.95,17.92,17.85
2006-05-03,200.0,18.0,18.0,18.0,18.0
2006-05-04,1100.0,17.8,17.9,17.9,17.8
2006-05-05,100.0,18.0,18.0,18.0,18.0
2006-05-08,300.0,17.95,17.95,17.75,17.75
2006-05-09,300.0,17.75,17.75,17.75,17.75
2006-05-10,0.0,17.75,17.75,17.75,17.75
2006-05-11,0.0,17.75,17.75,17.75,17.75
2006-05-12,100.0,17.95,17.95,17.95,17.95
2006-05-15,0.0,17.95,17.95,17.95,17.95
2006-05-16,0.0,17.95,17.95,17.95,17.95
2006-05-17,600.0,17.85,17.85,17.85,17.85
2006-05-18,500.0,17.75,17.75,17.75,17.75
2006-05-19,0.0,17.75,17.75,17.75,17.75
2006-05-22,500.0,17.6,17.6,17.6,17.6
2006-05-23,5300.0,17.6,17.6,17.6,17.6
2006-05-24,600.0,17.94,17.94,17.94,17.94
2006-05-25,400.0,17.93,17.93,17.93,17.93
2006-05-26,0.0,17.93,17.93,17.93,17.93
2006-05-30,0.0,17.93,17.93,17.93,17.93
2006-05-31,7200.0,17.6,17.9,17.85,17.59
2006-06-01,0.0,17.6,17.6,17.6,17.6
2006-06-02,0.0,17.6,17.6,17.6,17.6
2006-06-05,0.0,17.6,17.6,17.6,17.6
2006-06-06,0.0,17.6,17.6,17.6,17.6
2006-06-07,400.0,17.9,17.9,17.9,17.9
2006-06-08,1000.0,17.85,17.85,17.85,17.85
2006-06-09,1500.0,17.9,17.94,17.9,17.9
2006-06-12,2400.0,18.0,18.0,17.94,17.94
2006-06-13,1700.0,18.0,18.0,18.0,18.0
2006-06-14,0.0,18.0,18.0,18.0,18.0
2006-06-15,3300.0,18.0,18.0,18.0,18.0
2006-06-16,500.0,17.65,17.65,17.65,17.65
2006-06-19,800.0,17.6,17.6,17.6,17.6
2006-06-20,0.0,17.6,17.6,17.6,17.6
2006-06-21,0.0,17.6,17.6,17.6,17.6
2006-06-22,1800.0,17.6,17.65,17.65,17.6
2006-06-23,200.0,17.6,17.6,17.6,17.6
2006-06-26,0.0,17.6,17.6,17.6,17.6
2006-06-27,0.0,17.6,17.6,17.6,17.6
2006-06-28,0.0,17.6,17.6,17.6,17.6
2006-06-29,200.0,18.15,18.15,18.15,18.15
2006-06-30,500.0,18.39,18.39,18.39,18.39
2006-07-03,1300.0,18.35,18.9,18.9,18.35
2006-07-05,400.0,17.65,18.5,18.5,17.65
2006-07-06,0.0,17.65,17.65,17.65,17.65
2006-07-07,0.0,17.65,17.65,17.65,17.65
2006-07-10,0.0,17.65,17.65,17.65,17.65
2006-07-11,0.0,17.65,17.65,17.65,17.65
2006-07-12,0.0,17.65,17.65,17.65,17.65
2006-07-13,100.0,17.65,17.65,17.65,17.65
2006-07-14,0.0,17.65,17.65,17.65,17.65
2006-07-17,0.0,17.65,17.65,17.65,17.65
2006-07-18,0.0,17.65,17.65,17.65,17.65
2006-07-19,0.0,17.65,17.65,17.65,17.65
2006-07-20,0.0,17.65,17.65,17.65,17.65
2006-07-21,0.0,17.65,17.65,17.65,17.65
2006-07-24,0.0,17.65,17.65,17.65,17.65
2006-07-25,0.0,17.65,17.65,17.65,17.65
2006-07-26,300.0,19.25,19.25,19.25,19.25
2006-07-27,400.0,19.25,19.25,19.25,19.25
2006-07-28,2100.0,20.1,20.15,19.0,19.0
2006-07-31,600.0,20.0,20.0,20.0,20.0
2006-08-01,200.0,20.1,20.1,20.1,20.1
2006-08-02,0.0,20.1,20.1,20.1,20.1
2006-08-03,1100.0,21.15,21.25,21.25,21.15
2006-08-04,0.0,21.15,21.15,21.15,21.15
2006-08-07,200.0,21.0,21.0,21.0,21.0
2006-08-08,800.0,21.0,21.0,21.0,21.0
2006-08-09,1300.0,19.75,19.75,19.75,19.75
2006-08-10,200.0,19.75,19.75,19.75,19.75
2006-08-11,0.0,19.75,19.75,19.75,19.75
2006-08-14,0.0,19.75,19.75,19.75,19.75
2006-08-15,0.0,19.75,19.75,19.75,19.75
2006-08-16,200.0,20.0,20.0,20.0,20.0
2006-08-17,300.0,20.0,20.0,20.0,20.0
2006-08-18,300.0,20.0,20.0,20.0,20.0
2006-08-21,300.0,20.0,20.0,20.0,20.0
2006-08-22,600.0,20.96,20.96,20.96,20.96
2006-08-23,100.0,20.96,20.96,20.96,20.96
2006-08-24,0.0,20.96,20.96,20.96,20.96
2006-08-25,0.0,20.96,20.96,20.96,20.96
2006-08-28,0.0,20.96,20.96,20.96,20.96
2006-08-29,0.0,20.96,20.96,20.96,20.96
2006-08-30,0.0,20.96,20.96,20.96,20.96
2006-08-31,100.0,20.0,20.0,20.0,20.0
2006-09-01,0.0,20.0,20.0,20.0,20.0
2006-09-05,0.0,20.0,20.0,20.0,20.0
2006-09-06,0.0,20.0,20.0,20.0,20.0
2006-09-07,0.0,20.0,20.0,20.0,20.0
2006-09-08,0.0,20.0,20.0,20.0,20.0
2006-09-11,0.0,20.0,20.0,20.0,20.0
2006-09-12,900.0,20.0,20.0,20.0,20.0
2006-09-13,0.0,20.0,20.0,20.0,20.0
2006-09-14,200.0,18.75,18.75,18.75,18.75
2006-09-15,0.0,18.75,18.75,18.75,18.75
2006-09-18,0.0,18.75,18.75,18.75,18.75
2006-09-19,0.0,18.75,18.75,18.75,18.75
2006-09-20,0.0,18.75,18.75,18.75,18.75
2006-09-21,0.0,18.75,18.75,18.75,18.75
2006-09-22,200.0,18.75,18.75,18.75,18.75
2006-09-25,0.0,18.75,18.75,18.75,18.75
2006-09-26,0.0,18.75,18.75,18.75,18.75
2006-09-27,0.0,18.75,18.75,18.75,18.75
2006-09-28,0.0,18.75,18.75,18.75,18.75
2006-09-29,1300.0,18.76,18.76,18.76,18.76
2006-10-02,0.0,18.76,18.76,18.76,18.76
2006-10-03,0.0,18.76,18.76,18.76,18.76
2006-10-04,200.0,18.8,18.8,18.8,18.8
2006-10-05,100.0,19.25,19.25,19.25,19.25
2006-10-06,0.0,19.25,19.25,19.25,19.25
2006-10-09,500.0,19.0,19.0,19.0,19.0
2006-10-10,0.0,19.0,19.0,19.0,19.0
2006-10-11,1500.0,18.25,18.27,18.27,18.25
2006-10-12,0.0,18.25,18.25,18.25,18.25
2006-10-13,0.0,18.25,18.25,18.25,18.25
2006-10-16,4700.0,18.5,18.52,18.5,18.5
2006-10-17,1300.0,18.98,19.0,18.5,18.5
2006-10-18,500.0,18.5,18.5,18.5,18.5
2006-10-19,0.0,18.5,18.5,18.5,18.5
2006-10-20,1000.0,18.98,18.98,18.95,18.95
2006-10-23,900.0,18.98,18.98,18.5,18.5
2006-10-24,1300.0,19.0,19.0,19.0,19.0
2006-10-25,3000.0,19.0,19.0,19.0,19.0
2006-10-26,2800.0,19.0,19.0,19.0,19.0
2006-10-27,1000.0,19.0,19.0,19.0,19.0
2006-10-30,0.0,19.0,19.0,19.0,19.0
2006-10-31,100.0,20.0,20.0,20.0,20.0
2006-11-01,170700.0,9.75,10.05,10.01,9.75
2006-11-02,490800.0,9.9,9.92,9.75,9.6
2006-11-03,146300.0,9.76,10.0,9.95,9.75
2006-11-06,105200.0,9.9,9.95,9.75,9.7
2006-11-07,101400.0,9.9,9.9,9.9,9.74
2006-11-08,32900.0,9.9,9.91,9.91,9.9
2006-11-09,88100.0,9.85,9.9,9.9,9.85
2006-11-10,48800.0,9.9,9.95,9.9,9.9
2006-11-13,92994.0,9.9,9.92,9.9,9.85
2006-11-14,90784.0,9.85,9.92,9.92,9.85
2006-11-15,0.0,9.85,9.85,9.85,9.85
2006-11-16,53821.0,9.8,9.84,9.8,9.8
2006-11-17,18259.0,9.8,9.81,9.8,9.8
2006-11-20,39261.0,9.81,9.84,9.8,9.8
2006-11-21,99150.0,9.81,9.82,9.75,9.75
2006-11-22,77336.0,9.8,9.85,9.82,9.8
2006-11-24,27800.0,9.79,9.8,9.8,9.78
2006-11-27,20000.0,9.76,9.8001,9.8,9.76
2006-11-28,93200.0,9.7899,9.8,9.79,9.78
2006-11-29,35530.0,9.75,9.7701,9.77,9.75
2006-11-30,13803.0,9.74,9.79,9.78,9.74
2006-12-01,59070.0,9.6701,9.75,9.72,9.62
2006-12-04,82507.0,9.72,9.75,9.69,9.57
2006-12-05,92746.0,9.76,9.76,9.71,9.7
2006-12-06,180299.0,9.73,9.78,9.67,9.67
2006-12-07,9323.0,9.709,9.73,9.6,9.6
2006-12-08,127700.0,9.7,9.73,9.7,9.68
2006-12-11,39725.0,9.65,9.7,9.6999,9.65
2006-12-12,65018.0,9.71,9.77,9.66,9.65
2006-12-13,52454.0,9.69,9.74,9.74,9.689
2006-12-14,32901.0,9.7001,9.75,9.7,9.68
2006-12-15,8700.0,9.73,9.75,9.72,9.72
2006-12-18,32908.0,9.78,9.8,9.78,9.7566
2006-12-19,59575.0,9.71,9.8,9.77,9.7
2006-12-20,40210.0,9.77,9.8,9.78,9.7
2006-12-21,29258.0,9.79,9.79,9.75,9.75
2006-12-22,16008.0,9.76,9.8,9.75,9.75
2006-12-26,8000.0,9.75,9.75,9.75,9.75
2006-12-27,100300.0,9.75,9.75,9.75,9.66
2006-12-28,25425.0,9.77,9.77,9.72,9.66
2006-12-29,23745.0,9.78,9.78,9.7,9.7
2007-01-03,9660.0,9.77,9.78,9.78,9.7
2007-01-04,4665.0,9.75,9.75,9.73,9.73
2007-01-05,19110.0,9.75,9.76,9.75,9.75
2007-01-08,27296.0,9.7,9.75,9.75,9.67
2007-01-09,5863.0,9.68,9.72,9.69,9.67
2007-01-10,51968.0,9.72,9.74,9.7,9.69
2007-01-11,26129.0,9.71,9.71,9.69,9.69
2007-01-12,27264.0,9.7,9.7,9.69,9.69
2007-01-16,71110.0,9.7283,9.75,9.71,9.7
2007-01-17,153211.0,9.72,9.77,9.73,9.66
2007-01-18,1000.0,9.71,9.71,9.71,9.71
2007-01-19,2690.0,9.7,9.7,9.68,9.68
2007-01-22,2600.0,9.7,9.73,9.73,9.7
2007-01-23,16000.0,9.7,9.7001,9.68,9.61
2007-01-24,28613.0,9.65,9.6999,9.67,9.6488
2007-01-25,3790.0,9.62,9.659,9.659,9.62
2007-01-26,1400.0,9.7,9.78,9.78,9.7
2007-01-29,12591.0,9.61,9.67,9.61,9.6
2007-01-30,7700.0,9.6,9.64,9.64,9.5999
2007-01-31,15201.0,9.5999,9.6,9.55,9.55
2007-02-01,20101.0,9.63,9.64,9.58,9.58
2007-02-02,900.0,9.63,9.63,9.63,9.629
2007-02-05,45347.0,9.57,9.61,9.6,9.55
2007-02-06,11864.0,9.5799,9.6,9.6,9.54
2007-02-07,4780.0,9.51,9.55,9.51,9.51
2007-02-08,10488.0,9.49,9.5,9.491,9.49
2007-02-09,29800.0,9.54,9.55,9.5,9.5
2007-02-12,53016.0,9.51,9.55,9.5,9.45
2007-02-13,113132.0,9.55,9.63,9.5,9.49
2007-02-14,66202.0,9.7399,9.74,9.59,9.59
2007-02-15,1180.0,9.64,9.67,9.67,9.55
2007-02-16,23605.0,9.69,9.756,9.7,9.54
2007-02-20,61800.0,9.65,9.66,9.61,9.18
2007-02-21,14318.0,9.6,9.64,9.5,9.5
2007-02-22,1100.0,9.6,9.6,9.6,9.6
2007-02-23,117620.0,9.56,9.6,9.6,9.23
2007-02-26,0.0,9.56,9.56,9.56,9.56
2007-02-27,16200.0,9.45,9.55,9.55,9.45
2007-02-28,62364.0,9.55,9.6,9.46,9.45
2007-03-01,7350.0,9.52,9.55,9.55,9.5
2007-03-02,20339.0,9.5,9.56,9.55,9.45
2007-03-05,257907.0,9.54,9.54,9.5,9.43
2007-03-06,20232.0,9.5,9.59,9.51,9.5
2007-03-07,48860.0,9.47,9.53,9.53,9.4
2007-03-08,30000.0,9.49,9.51,9.51,9.45
2007-03-09,8050.0,9.45,9.52,9.49,9.45
2007-03-12,18400.0,9.49,9.54,9.45,9.3701
2007-03-13,23600.0,9.45,9.48,9.45,9.41
2007-03-14,29773.0,9.47,9.47,9.44,9.38
2007-03-15,40952.0,9.42,9.48,9.4,9.4
2007-03-16,33000.0,9.47,9.47,9.3701,9.37
2007-03-19,1242.0,9.4,9.47,9.47,9.4
2007-03-20,22585.0,9.45,9.47,9.46,9.43
2007-03-21,14200.0,9.45,9.47,9.47,9.3649
2007-03-22,7790.0,9.45,9.45,9.45,9.44
2007-03-23,2400.0,9.453,9.49,9.45,9.449
2007-03-26,23375.0,9.5,9.5,9.459,9.45
2007-03-27,2400.0,9.46,9.5,9.5,9.45
2007-03-28,36844.0,9.42,9.5,9.45,9.36
2007-03-29,2467.0,9.38,9.4,9.3814,9.38
2007-03-30,11850.0,9.48,9.48,9.36,9.33
2007-04-02,7300.0,9.2,9.35,9.35,9.1999
2007-04-03,14080.0,9.4,9.5,9.39,9.39
2007-04-04,27700.0,9.5,9.5,9.4,9.38
2007-04-05,0.0,9.5,9.5,9.5,9.5
2007-04-09,20257.0,9.3,9.5,9.5,9.28
2007-04-10,1819.0,9.3,9.3,9.3,9.3
2007-04-11,3010.0,9.4,9.4,9.3,9.3
2007-04-12,3965.0,9.45,9.49,9.4399,9.4
2007-04-13,700.0,9.45,9.45,9.45,9.45
2007-04-16,5950.0,9.41,9.5,9.47,9.41
2007-04-17,16173.0,9.42,9.55,9.5,9.42
2007-04-18,2002.0,9.55,9.55,9.4899,9.44
2007-04-19,6500.0,9.5,9.5,9.42,9.42
2007-04-20,12260.0,9.49,9.49,9.45,9.45
2007-04-23,23327.0,9.45,9.54,9.5,9.43
2007-04-24,5623.0,9.4,9.47,9.45,9.39
2007-04-25,139.0,9.46,9.46,9.46,9.46
2007-04-26,140.0,9.45,9.45,9.45,9.45
2007-04-27,2662.0,9.399,9.49,9.32,9.32
2007-04-30,600.0,9.4,9.4,9.399,9.399
2007-05-01,2471.0,9.4,9.45,9.35,9.35
2007-05-02,5630.0,9.45,9.48,9.399,9.399
2007-05-03,16500.0,9.45,9.48,9.479,9.45
2007-05-04,16476.0,9.38,9.45,9.45,9.2799
2007-05-07,2460.0,9.39,9.49,9.48,9.39
2007-05-08,1300.0,9.38,9.38,9.38,9.37
2007-05-09,5803.0,9.4,9.41,9.38,9.38
2007-05-10,58667.0,9.18,9.41,9.4,9.13
2007-05-11,22709.0,9.18,9.18,9.18,9.11
2007-05-14,10804.0,9.11,9.31,9.31,9.1
2007-05-15,31691.0,9.2,9.24,9.24,9.12
2007-05-16,2944.0,9.2,9.2,9.12,9.12
2007-05-17,180.0,9.13,9.13,9.13,9.13
2007-05-18,881.0,9.15,9.178,9.178,9.14
2007-05-21,2160.0,9.15,9.1501,9.14,9.14
2007-05-22,17665.0,9.2218,9.28,9.15,9.15
2007-05-23,13339.0,9.22,9.22,9.219,9.2
2007-05-24,5964.0,9.25,9.28,9.22,9.21
2007-05-25,15605.0,9.25,9.34,9.299,9.25
2007-05-29,2800.0,9.26,9.27,9.269,9.26
2007-05-30,12180.0,9.28,9.3,9.19,9.19
2007-05-31,8800.0,9.28,9.34,9.329,9.22
2007-06-01,1727.0,9.2301,9.231,9.23,9.22
2007-06-04,9739.0,9.3,9.35,9.2501,9.25
2007-06-05,6298.0,9.3,9.35,9.26,9.26
2007-06-06,12167.0,9.3,9.3,9.299,9.26
2007-06-07,15250.0,9.28,9.3,9.3,9.28
2007-06-08,2345.0,9.24,9.28,9.2301,9.22
2007-06-11,200.0,9.25,9.25,9.25,9.25
2007-06-12,782.0,9.25,9.2501,9.2501,9.25
2007-06-13,10618.0,9.28,9.28,9.25,9.24
2007-06-14,0.0,9.28,9.28,9.28,9.28
2007-06-15,16676.0,9.3101,9.45,9.25,9.25
2007-06-18,14300.0,9.25,9.46,9.17,8.82
2007-06-19,1000.0,9.25,9.28,9.25,9.25
2007-06-20,6700.0,9.15,9.29,9.25,8.75
2007-06-21,600.0,9.2,9.2,9.2,9.2
2007-06-22,0.0,9.2,9.2,9.2,9.2
2007-06-25,6300.0,9.25,9.26,9.26,9.23
2007-06-26,1650.0,9.27,9.35,9.34,9.25
2007-06-27,11900.0,9.25,9.26,9.25,9.25
2007-06-28,58271.0,9.2,9.3,9.3,9.1
2007-06-29,2097.0,9.15,9.349,9.349,9.15
2007-07-02,3410.0,9.1999,9.34,9.34,9.1999
2007-07-03,6000.0,9.2,9.2,9.199,9.199
2007-07-05,1200.0,9.27,9.27,9.17,9.16
2007-07-06,12184.0,9.23,9.23,9.199,9.18
2007-07-09,24210.0,9.3001,9.35,9.3,9.299
2007-07-10,7661.0,9.2,9.3042,9.3,9.1984
2007-07-11,2200.0,9.3,9.3,9.249,9.249
2007-07-12,1871.0,9.21,9.22,9.22,9.18
2007-07-13,2000.0,9.2,9.2,9.1,9.1
2007-07-16,1540.0,9.25,9.2524,9.2,9.2
2007-07-17,3400.0,9.2,9.21,9.21,9.12
2007-07-18,4360.0,9.13,9.25,9.249,9.13
2007-07-19,36051.0,9.11,9.15,9.11,9.11
2007-07-20,7219.0,9.15,9.239,9.18,9.15
2007-07-23,13000.0,9.2,9.2,9.2,8.75
2007-07-24,7820.0,9.2,9.23,9.22,9.2
2007-07-25,6500.0,9.2,9.24,9.189,9.14
2007-07-26,6028.0,9.0,9.19,9.0601,9.0
2007-07-27,8584.0,8.77,9.0,9.0,8.65
2007-07-30,5841.0,8.83,9.24,9.0,8.83
2007-07-31,700.0,9.02,9.16,8.89,8.89
2007-08-01,300.0,9.01,9.01,9.01,9.01
2007-08-02,0.0,9.01,9.01,9.01,9.01
2007-08-03,14800.0,8.49,8.86,8.8,8.22
2007-08-06,3650.0,8.5,8.65,8.65,8.48
2007-08-07,2250.0,8.5,8.5,8.5,8.5
2007-08-08,11701.0,8.55,8.58,8.51,8.51
2007-08-09,3900.0,8.5,8.5,8.5,8.5
2007-08-10,0.0,8.5,8.5,8.5,8.5
2007-08-13,342.0,8.57,8.57,8.57,8.57
2007-08-14,1700.0,8.81,8.88,8.78,8.6
2007-08-15,900.0,8.51,8.6,8.6,8.51
2007-08-16,1949.0,8.5,8.51,8.5,8.5
2007-08-17,18900.0,8.1,8.94,8.94,7.9
2007-08-20,2147.0,8.63,8.646,8.101,8.1
2007-08-21,977.0,8.5,8.5,8.5,8.5
2007-08-22,4679.0,8.68,8.68,8.34,8.34
2007-08-23,4939.0,8.5,8.5,8.5,8.16
2007-08-24,521.0,8.57,8.57,8.57,8.56
2007-08-27,34774.0,8.62,8.63,8.5,8.11
2007-08-28,12402.0,8.65,8.789,8.6,8.6
2007-08-29,1712.0,8.79,8.79,8.69,8.69
2007-08-30,3990.0,9.0,9.0,8.8,8.8
2007-08-31,1800.0,9.0,9.0,9.0,9.0
2007-09-04,15000.0,9.1,9.1,9.0,9.0
2007-09-05,3190.0,9.01,9.02,9.02,9.01
2007-09-06,200.0,9.01,9.01,8.91,8.91
2007-09-07,16385.0,9.05,9.15,8.99,8.9
2007-09-10,20300.0,8.95,9.0,9.0,8.95
2007-09-11,15728.0,8.96,8.96,8.95,8.9
2007-09-12,37914.0,9.0,9.04,9.0,8.9501
2007-09-13,10300.0,9.15,9.16,9.04,9.01
2007-09-14,8473.0,9.23,9.25,9.15,9.15
2007-09-17,700.0,9.2,9.24,9.24,9.2
2007-09-18,15495.0,9.2,9.24,9.24,9.15
2007-09-19,3150.0,9.29,9.29,9.2,9.2
2007-09-20,13529.0,9.25,9.3,9.27,9.25
2007-09-21,950.0,9.25,9.25,9.2,9.2
2007-09-24,13828.0,9.39,9.39,9.2001,9.2001
2007-09-25,11000.0,9.5,9.5,9.39,9.39
2007-09-26,16669.0,9.54,9.55,9.46,9.45
2007-09-27,5100.0,9.52,9.52,9.49,9.49
2007-09-28,2631.0,9.45,9.47,9.47,9.45
2007-10-01,3143.0,9.5,9.5,9.45,9.42
2007-10-02,2050.0,9.45,9.45,9.45,9.45
2007-10-03,6719.0,9.55,9.55,9.47,9.47
2007-10-04,200.0,9.55,9.55,9.48,9.48
2007-10-05,580.0,9.55,9.55,9.55,9.55
2007-10-08,6390.0,9.54,9.55,9.5,9.5
2007-10-09,250.0,9.54,9.54,9.54,9.54
2007-10-10,5946.0,9.4,9.4601,9.46,9.37
2007-10-11,1508.0,9.37,9.37,9.37,9.36
2007-10-12,7940.0,9.37,9.37,9.35,9.35
2007-10-15,11400.0,9.35,9.35,9.35,9.35
2007-10-16,5000.0,9.35,9.35,9.35,9.35
2007-10-17,0.0,9.35,9.35,9.35,9.35
2007-10-18,0.0,9.35,9.35,9.35,9.35
2007-10-19,6200.0,9.459,9.5,9.35,9.35
2007-10-22,0.0,9.46,9.46,9.46,9.46
2007-10-23,0.0,9.46,9.46,9.46,9.46
2007-10-24,110.0,9.39,9.39,9.39,9.39
2007-10-25,422.0,9.46,9.46,9.36,9.36
2007-10-26,18000.0,9.4,9.47,9.4,9.4
2007-10-29,100.0,9.4,9.4,9.4,9.4
2007-10-30,500.0,9.35,9.35,9.35,9.35
2007-10-31,47000.0,9.6,9.65,9.4,9.4
2007-11-01,8558.0,9.46,9.6,9.6,9.36
2007-11-02,82561.0,9.46,9.59,9.45,9.35
2007-11-05,100.0,9.16,9.16,9.16,9.16
2007-11-06,13014.0,9.28,9.3899,9.3899,9.1501
2007-11-07,2500.0,9.2,9.25,9.19,9.18
2007-11-08,3523.0,9.3,9.3,9.3,9.26
2007-11-09,58367.0,9.39,9.49,9.2,9.2
2007-11-12,3416.0,9.48,9.48,9.38,9.38
2007-11-13,100.0,9.37,9.37,9.37,9.37
2007-11-14,5516.0,9.14,9.32,9.16,9.14
2007-11-15,3400.0,9.0,9.14,9.14,8.89
2007-11-16,3566.0,9.11,9.1105,8.85,8.85
2007-11-19,3434.0,9.17,9.17,9.12,9.12
2007-11-20,3534.0,9.13,9.13,9.03,9.03
2007-11-21,50400.0,9.1,9.14,9.14,9.1
2007-11-23,3484.0,9.11,9.11,9.0,9.0
2007-11-26,8616.0,9.17,9.17,9.01,9.0001
2007-11-27,65800.0,9.2,9.2,9.18,9.0
2007-11-28,1200.0,9.17,9.19,9.07,9.0301
2007-11-29,4300.0,9.11,9.15,9.1,9.1
2007-11-30,5541.0,9.19,9.19,9.1,9.1
2007-12-03,7629.0,8.95,9.0,9.0,8.95
2007-12-04,2952.0,8.95,8.95,8.95,8.93
2007-12-05,8100.0,9.0,9.15,8.9,8.9
2007-12-06,5277.0,8.9,9.05,9.05,8.9
2007-12-07,28600.0,9.3,9.45,8.9,8.88
2007-12-10,51673.0,9.12,9.3,9.3,9.06
2007-12-11,10643.0,9.01,9.15,9.15,9.01
2007-12-12,9600.0,9.1,9.14,9.04,9.04
2007-12-13,1900.0,9.04,9.39,9.16,9.04
2007-12-14,2600.0,9.01,9.01,9.01,9.01
2007-12-17,0.0,9.01,9.01,9.01,9.01
2007-12-18,200.0,8.92,8.92,8.91,8.91
2007-12-19,1000.0,8.7,8.9,8.9,8.7
2007-12-20,1993.0,8.7,8.7,8.7,8.7
2007-12-21,2000.0,8.86,8.86,8.85,8.85
2007-12-24,1200.0,8.85,8.85,8.85,8.5
2007-12-26,1699.0,8.85,8.85,8.79,8.74
2007-12-27,60664.0,9.07,9.29,8.8,8.8
2007-12-28,2515.0,8.84,9.24,9.24,8.84
2007-12-31,15410.0,8.77,8.8,8.64,8.64
2008-01-02,2200.0,8.7,9.11,8.51,8.51
2008-01-03,3483.0,8.5,8.93,8.51,8.46
2008-01-04,3075.0,8.61,8.69,8.6,8.6
2008-01-07,1100.0,8.4899,8.501,8.47,8.45
2008-01-08,10200.0,8.45,8.45,8.45,8.45
2008-01-09,5700.0,8.48,8.49,8.45,8.45
2008-01-10,700.0,8.25,8.45,8.45,8.24
2008-01-11,2214.0,8.47,8.67,8.3,8.3
2008-01-14,100.0,8.37,8.37,8.37,8.37
2008-01-15,1555.0,8.59,8.65,8.55,8.55
2008-01-16,600.0,8.26,8.26,8.26,8.25
2008-01-17,0.0,8.26,8.26,8.26,8.26
2008-01-18,10421.0,8.13,8.56,8.26,8.1
2008-01-22,1000.0,8.25,8.29,8.29,8.25
2008-01-23,3600.0,8.25,8.25,8.25,8.17
2008-01-24,17125.0,8.4,8.5,8.24,8.16
2008-01-25,4700.0,8.55,8.57,8.56,8.42
2008-01-28,0.0,8.55,8.55,8.55,8.55
2008-01-29,0.0,8.55,8.55,8.55,8.55
2008-01-30,0.0,8.55,8.55,8.55,8.55
2008-01-31,1800.0,8.7,8.75,8.7,8.7
2008-02-01,2574.0,8.51,8.54,8.54,8.5
2008-02-04,6400.0,8.88,9.29,8.52,8.52
2008-02-05,4468.0,8.95,9.0,8.97,8.94
2008-02-06,1951.0,8.97,9.0,9.0,8.96
2008-02-07,4196.0,8.9,8.93,8.78,8.78
2008-02-08,1300.0,8.9,9.0,9.0,8.9
2008-02-11,582.0,8.99,9.0,9.0,8.91
2008-02-12,3854.0,8.9,9.0,9.0,8.9
2008-02-13,300.0,9.0,9.0,8.98,8.98
2008-02-14,0.0,9.0,9.0,9.0,9.0
2008-02-15,1525.0,8.9,9.0,8.99,8.9
2008-02-19,300.0,8.9,8.9,8.89,8.89
2008-02-20,2415.0,8.91,9.22,8.9,8.9
2008-02-21,0.0,8.91,8.91,8.91,8.91
2008-02-22,200.0,9.24,9.24,8.7101,8.7101
2008-02-25,3057.0,9.1,9.1001,9.07,9.04
2008-02-26,265.0,9.04,9.04,8.77,8.77
2008-02-27,0.0,9.04,9.04,9.04,9.04
2008-02-28,0.0,9.04,9.04,9.04,9.04
2008-02-29,1400.0,8.95,8.95,8.95,8.95
2008-03-03,0.0,8.95,8.95,8.95,8.95
2008-03-04,2000.0,8.9701,8.9701,8.95,8.95
2008-03-05,0.0,8.97,8.97,8.97,8.97
2008-03-06,0.0,8.97,8.97,8.97,8.97
2008-03-07,100.0,8.65,8.65,8.65,8.65
2008-03-10,0.0,8.65,8.65,8.65,8.65
2008-03-11,0.0,8.65,8.65,8.65,8.65
2008-03-12,200.0,8.5,8.5,8.5,8.5
2008-03-13,0.0,8.5,8.5,8.5,8.5
2008-03-14,4500.0,8.8,8.8,8.8,8.8
2008-03-17,19100.0,8.5,8.51,8.51,8.5
2008-03-18,1146.0,8.2501,8.4,8.4,8.2501
2008-03-19,11100.0,8.02,8.32,8.32,8.02
2008-03-20,366.0,8.43,8.43,8.06,8.06
2008-03-24,0.0,8.43,8.43,8.43,8.43
2008-03-25,400.0,8.16,8.17,8.17,8.16
2008-03-26,200.0,8.17,8.19,8.19,8.17
2008-03-27,600.0,8.16,8.16,8.16,8.16
2008-03-28,100.0,8.16,8.16,8.16,8.16
2008-03-31,0.0,8.16,8.16,8.16,8.16
2008-04-01,10164.0,8.35,8.35,8.35,8.35
2008-04-02,2690.0,8.4,8.4,8.4,8.22
2008-04-03,492.0,8.45,8.45,8.44,8.44
2008-04-04,0.0,8.45,8.45,8.45,8.45
2008-04-07,200.0,8.15,8.15,8.13,8.13
2008-04-08,7900.0,8.12,8.15,8.15,8.12
2008-04-09,4856.0,8.2,8.25,8.14,8.13
2008-04-10,162577.0,8.33,8.33,8.15,8.15
2008-04-11,10300.0,8.25,8.25,8.25,8.25
2008-04-14,3940.0,8.21,8.35,8.25,8.16
2008-04-15,3641.0,8.1701,8.25,8.17,8.16
2008-04-16,118145.0,8.35,8.35,8.2,8.2
2008-04-17,300.0,8.16,8.2,8.2,8.16
2008-04-18,320.0,8.15,8.15,8.15,8.15
2008-04-21,4300.0,7.9,8.16,8.15,7.9
2008-04-22,1880.0,8.04,8.04,7.95,7.95
2008-04-23,2490.0,8.0399,8.0399,8.0399,8.01
2008-04-24,0.0,8.0399,8.0399,8.0399,8.0399
2008-04-25,1308.0,8.08,8.08,8.07,8.02
2008-04-28,0.0,8.08,8.08,8.08,8.08
2008-04-29,200.0,8.17,8.17,8.17,8.17
2008-04-30,1590.0,8.29,8.29,8.27,8.17
2008-05-01,100.0,8.1,8.1,8.1,8.1
2008-05-02,1523.0,8.0801,8.15,8.15,8.07
2008-05-05,1100.0,8.75,8.9099,8.69,8.69
2008-05-06,3258.0,8.75,8.95,8.93,8.5001
2008-05-07,604645.0,8.65,8.74,8.74,8.5
2008-05-08,7343.0,8.5,8.62,8.5,8.5
2008-05-09,4016.0,8.45,8.69,8.69,8.45
2008-05-12,9650.0,8.49,8.5,8.5,8.25
2008-05-13,462.0,8.4,8.4,8.35,8.35
2008-05-14,2114.0,8.35,8.36,8.36,8.35
2008-05-15,0.0,8.35,8.35,8.35,8.35
2008-05-16,0.0,8.35,8.35,8.35,8.35
2008-05-19,587.0,8.38,8.48,8.36,8.36
2008-05-20,0.0,8.38,8.38,8.38,8.38
2008-05-21,200.0,8.49,8.49,8.49,8.49
2008-05-22,5534.0,8.5,8.5,8.4,8.4
2008-05-23,1500.0,8.49,8.49,8.46,8.45
2008-05-27,13142.0,8.51,8.65,8.65,8.5
2008-05-28,200.0,8.51,8.51,8.51,8.51
2008-05-29,2095.0,8.5,8.6258,8.5,8.5
2008-05-30,1210.0,8.47,8.5,8.47,8.46
2008-06-02,2500.0,8.1,8.35,8.35,8.06
2008-06-03,200.0,8.12,8.12,8.12,8.12
2008-06-04,1800.0,8.5,8.5,8.13,8.06
2008-06-05,200.0,8.48,8.48,8.48,8.48
2008-06-06,1465.0,8.18,8.18,8.15,8.15
2008-06-09,500.0,8.14,8.14,8.14,8.14
2008-06-10,600.0,8.12,8.12,8.12,8.12
2008-06-11,0.0,8.12,8.12,8.12,8.12
2008-06-12,0.0,8.12,8.12,8.12,8.12
2008-06-13,0.0,8.12,8.12,8.12,8.12
2008-06-16,200.0,8.3,8.3,8.3,8.3
2008-06-17,1300.0,8.1201,8.13,8.1201,8.12
2008-06-18,2100.0,8.12,8.12,8.06,8.05
2008-06-19,2582.0,8.05,8.12,8.05,8.05
2008-06-20,100.0,8.15,8.15,8.15,8.15
2008-06-23,300.0,8.03,8.04,8.04,8.03
2008-06-24,0.0,8.03,8.03,8.03,8.03
2008-06-25,6000.0,8.03,8.03,8.03,8.03
2008-06-26,4584.0,7.65,8.0,8.0,7.65
2008-06-27,5200.0,7.9,8.1,8.0,7.9
2008-06-30,3300.0,7.99,8.0,7.54,7.25
2008-07-01,6200.0,7.3,7.79,7.79,7.26
2008-07-02,8960.0,7.65,7.79,7.5,7.5
2008-07-03,0.0,7.65,7.65,7.65,7.65
2008-07-07,6300.0,7.01,7.97,7.97,7.01
2008-07-08,17087.0,7.45,7.45,7.1,7.0
2008-07-09,1550.0,7.16,7.7,7.7,7.16
2008-07-10,1891.0,7.45,7.4501,7.16,7.16
2008-07-11,3273.0,7.5,7.5,7.5,7.25
2008-07-14,7800.0,7.45,7.46,7.46,7.44
2008-07-15,38230.0,8.0,8.0,7.2,7.11
2008-07-16,200.0,7.61,7.61,7.61,7.61
2008-07-17,4029.0,7.69,7.69,7.46,7.46
2008-07-18,5904.0,7.7,7.89,7.68,7.59
2008-07-21,0.0,7.7,7.7,7.7,7.7
2008-07-22,1000.0,8.5,8.5,7.7,7.68
2008-07-23,0.0,8.5,8.5,8.5,8.5
2008-07-24,0.0,8.5,8.5,8.5,8.5
2008-07-25,500.0,8.02,8.02,8.02,8.02
2008-07-28,813.0,7.76,7.77,7.76,7.76
2008-07-29,9218.0,7.9699,8.0,8.0,7.96
2008-07-30,22065.0,7.75,7.95,7.91,7.75
2008-07-31,200.0,8.48,8.48,8.48,8.48
2008-08-01,0.0,8.48,8.48,8.48,8.48
2008-08-04,1950.0,8.47,8.48,8.45,8.25
2008-08-05,917.0,8.01,8.15,8.15,8.0001
2008-08-06,2318.0,8.25,8.5,8.16,8.0501
2008-08-07,100.0,8.01,8.01,8.01,8.01
2008-08-08,700.0,8.1,8.14,8.14,8.1
2008-08-11,148.0,8.29,8.29,8.29,8.29
2008-08-12,2873.0,8.15,8.26,8.26,8.08
2008-08-13,2360.0,8.25,8.25,8.1,8.1
2008-08-14,0.0,8.25,8.25,8.25,8.25
2008-08-15,0.0,8.25,8.25,8.25,8.25
2008-08-18,0.0,8.25,8.25,8.25,8.25
2008-08-19,0.0,8.25,8.25,8.25,8.25
2008-08-20,721.0,7.85,7.88,7.88,7.49
2008-08-21,350.0,7.85,7.85,7.85,7.85
2008-08-22,13611.0,7.75,7.8,7.76,7.75
2008-08-25,2400.0,7.85,7.85,7.85,7.85
2008-08-26,100.0,7.9,7.9,7.9,7.9
2008-08-27,700.0,8.0,8.0,8.0,8.0
2008-08-28,1100.0,8.0,8.01,8.01,8.0
2008-08-29,4500.0,7.96,7.96,7.85,7.6
2008-09-02,667.0,7.9,7.9,7.9,7.9
2008-09-03,4600.0,7.8,7.8,7.8,7.8
2008-09-04,0.0,7.8,7.8,7.8,7.8
2008-09-05,4400.0,7.8,7.94,7.94,7.8
2008-09-08,1900.0,7.75,7.75,7.75,7.75
2008-09-09,1700.0,7.65,7.75,7.75,7.65
2008-09-10,12500.0,7.65,7.65,7.65,7.64
2008-09-11,7847.0,7.574,7.71,7.71,7.51
2008-09-12,2700.0,7.51,7.61,7.61,7.51
2008-09-15,22380.0,7.46,7.6,7.5,7.46
2008-09-16,0.0,7.46,7.46,7.46,7.46
2008-09-17,20.0,7.46,7.46,7.46,7.46
2008-09-18,0.0,7.46,7.46,7.46,7.46
2008-09-19,1810.0,7.56,7.56,7.54,7.54
2008-09-22,0.0,7.56,7.56,7.56,7.56
2008-09-23,1800.0,6.78,7.63,7.5,6.78
2008-09-24,600.0,7.26,7.26,7.25,7.25
2008-09-25,1750.0,7.25,7.25,7.22,7.22
2008-09-26,0.0,7.25,7.25,7.25,7.25
2008-09-29,0.0,7.25,7.25,7.25,7.25
2008-09-30,100.0,7.25,7.25,7.25,7.25
2008-10-01,600.0,7.2501,7.2501,7.25,7.25
2008-10-02,0.0,7.2501,7.2501,7.2501,7.2501
2008-10-03,2100.0,7.25,7.25,7.25,7.25
2008-10-06,5000.0,6.9,7.15,7.15,6.9
2008-10-07,700.0,6.9,6.9,6.9,6.9
2008-10-08,0.0,6.9,6.9,6.9,6.9
2008-10-09,0.0,6.9,6.9,6.9,6.9
2008-10-10,3300.0,6.4,6.9,6.9,6.4
2008-10-13,0.0,6.4,6.4,6.4,6.4
2008-10-14,1998.0,6.7,6.7,6.69,6.69
2008-10-15,2890.0,6.7,7.0,6.99,6.7
2008-10-16,3410.0,6.4,6.4001,6.4001,6.4
2008-10-17,16762.0,6.1,6.4,6.4,6.0
2008-10-20,500.0,6.25,6.25,6.25,6.25
2008-10-21,1400.0,6.25,6.301,6.301,6.25
2008-10-22,0.0,6.25,6.25,6.25,6.25
2008-10-23,2230.0,6.1,6.2501,6.2501,6.1
2008-10-24,3389.0,6.0,6.0,5.99,5.99
2008-10-27,0.0,6.0,6.0,6.0,6.0
2008-10-28,2600.0,6.0,6.01,6.01,6.0
2008-10-29,22000.0,6.0,6.01,6.01,6.0
2008-10-30,825.0,6.01,6.02,6.0,6.0
2008-10-31,2650.0,5.91,6.001,6.001,5.8
2008-11-03,1500.0,5.99,5.99,5.97,5.96
2008-11-04,0.0,5.99,5.99,5.99,5.99
2008-11-05,1900.0,6.98,7.0,6.43,6.43
2008-11-06,500.0,6.97,6.97,6.74,6.74
2008-11-07,2206.0,7.0,7.12,7.12,7.0
2008-11-10,600.0,6.98,6.98,6.98,6.98
2008-11-11,0.0,6.98,6.98,6.98,6.98
2008-11-12,3332.0,6.51,6.8,6.799,6.51
2008-11-13,208050.0,7.0,7.0,6.66,6.52
2008-11-14,5982.0,7.0,7.0,6.98,6.98
2008-11-17,21054.0,7.0,7.0,6.97,6.5
2008-11-18,9804.0,7.0,7.0,7.0,6.98
2008-11-19,14355.0,7.0,7.19,6.83,6.83
2008-11-20,67000.0,7.0,7.0,7.0,6.99
2008-11-21,2100.0,6.6,6.68,6.68,6.6
2008-11-24,0.0,6.6,6.6,6.6,6.6
2008-11-25,0.0,6.6,6.6,6.6,6.6
2008-11-26,0.0,6.6,6.6,6.6,6.6
2008-11-28,76900.0,7.0,7.0,6.98,6.98
2008-12-01,5000.0,6.9,6.9,6.9,6.9
2008-12-02,500.0,6.9,6.9,6.9,6.9
2008-12-03,5408.0,6.95,7.0,7.0,6.95
2008-12-04,2924.0,6.7501,6.7501,6.63,6.61
2008-12-05,11108.0,6.94,6.94,6.83,6.72
2008-12-08,0.0,6.94,6.94,6.94,6.94
2008-12-09,2200.0,6.85,6.94,6.94,6.85
2008-12-10,0.0,6.85,6.85,6.85,6.85
2008-12-11,5300.0,6.85,6.85,6.6,6.6
2008-12-12,2400.0,6.58,6.85,6.85,6.58
2008-12-15,800.0,6.66,6.8,6.8,6.6
2008-12-16,700.0,6.64,6.64,6.62,6.62
2008-12-17,10400.0,6.61,6.9,6.85,6.61
2008-12-18,400.0,6.76,6.84,6.84,6.66
2008-12-19,8900.0,7.41,7.41,6.7,6.69
2008-12-22,2294.0,6.83,6.9,6.9,6.83
2008-12-23,76131.0,6.55,6.69,6.69,6.5
2008-12-24,100.0,6.55,6.55,6.55,6.55
2008-12-26,0.0,6.55,6.55,6.55,6.55
2008-12-29,0.0,6.55,6.55,6.55,6.55
2008-12-30,59425.0,7.0,7.0,6.57,6.55
2008-12-31,2770.0,7.0,7.0,6.9,6.9
2009-01-02,2470.0,6.85,7.0,7.0,6.85
2009-01-05,13420.0,7.01,7.29,7.0,7.0
2009-01-06,127.0,7.3899,7.3899,7.3899,7.3899
2009-01-07,100.0,7.39,7.39,7.39,7.39
2009-01-08,0.0,7.39,7.39,7.39,7.39
2009-01-09,2110.0,7.05,7.06,7.05,7.04
2009-01-12,36300.0,6.81,7.06,7.06,6.76
2009-01-13,23100.0,7.0,7.25,7.23,7.0
2009-01-14,0.0,7.0,7.0,7.0,7.0
2009-01-15,0.0,7.0,7.0,7.0,7.0
2009-01-16,700.0,6.81,6.9,6.9,6.81
2009-01-20,0.0,6.81,6.81,6.81,6.81
2009-01-21,6176.0,6.75,7.0,6.8,6.74
2009-01-22,2200.0,7.0,7.0,6.75,6.75
2009-01-23,96597.0,6.55,6.95,6.95,6.55
2009-01-26,113170.0,7.0,7.0,6.58,6.55
2009-01-27,1300.0,6.95,6.95,6.95,6.95
2009-01-28,3600.0,6.95,6.95,6.95,6.95
2009-01-29,9924.0,7.0,7.09,6.89,6.73
2009-01-30,1763.0,6.88,7.14,7.14,6.78
2009-02-02,6000.0,6.95,6.95,6.95,6.95
2009-02-03,9187.0,6.85,6.85,6.76,6.75
2009-02-04,6907.0,6.76,6.85,6.68,6.68
2009-02-05,2100.0,6.97,6.97,6.97,6.97
2009-02-06,2908.0,6.7,6.99,6.8201,6.67
2009-02-09,7200.0,7.0,7.0,6.7301,6.7301
2009-02-10,7420.0,6.8501,7.0,6.9,6.8501
2009-02-11,0.0,6.8501,6.8501,6.8501,6.8501
2009-02-12,400.0,6.98,6.98,6.79,6.79
2009-02-13,56930.0,7.0,7.07,7.07,6.75
2009-02-17,10996.0,7.0,7.0,6.55,6.55
2009-02-18,0.0,7.0,7.0,7.0,7.0
2009-02-19,510.0,6.72,6.73,6.7201,6.72
2009-02-20,1768.0,6.57,6.67,6.67,6.55
2009-02-23,1800.0,6.5001,6.56,6.56,6.5
2009-02-24,0.0,6.5,6.5,6.5,6.5
2009-02-25,0.0,6.5,6.5,6.5,6.5
2009-02-26,16306.0,6.96,6.96,6.94,6.75
2009-02-27,37100.0,6.9,7.06,7.06,6.6
2009-03-02,0.0,6.9,6.9,6.9,6.9
2009-03-03,0.0,6.9,6.9,6.9,6.9
2009-03-04,86937.0,6.6,6.95,6.95,6.57
2009-03-05,0.0,6.6,6.6,6.6,6.6
2009-03-06,75800.0,6.71,6.9,6.9,6.48
2009-03-09,3400.0,6.89,6.89,6.5,6.5
2009-03-10,2786.0,6.89,6.89,6.8,6.8
2009-03-11,3200.0,6.51,6.89,6.89,6.51
2009-03-12,1100.0,6.85,6.85,6.7,6.7
2009-03-13,2686.0,6.86,6.86,6.85,6.85
2009-03-16,100.0,6.53,6.53,6.53,6.53
2009-03-17,257.0,6.48,6.48,6.48,6.48
2009-03-18,2676.0,6.65,6.65,6.6499,6.42
2009-03-19,0.0,6.65,6.65,6.65,6.65
2009-03-20,99607.0,6.77,6.89,6.28,6.28
2009-03-23,1000.0,6.65,6.66,6.66,6.65
2009-03-24,219.0,6.3,6.65,6.65,6.3
2009-03-25,2091.0,6.29,6.4999,6.49,6.29
2009-03-26,7567.0,6.12,6.33,6.29,6.02
2009-03-27,2200.0,6.0,6.0,6.0,5.85
2009-03-30,490.0,5.95,5.95,5.95,5.95
2009-03-31,2467.0,6.19,6.25,6.1,6.0
2009-04-01,9843.0,5.9001,6.25,6.01,5.9
2009-04-02,0.0,5.9,5.9,5.9,5.9
2009-04-03,0.0,5.9,5.9,5.9,5.9
2009-04-06,4600.0,5.9,5.9,5.9,5.8
2009-04-07,1500.0,5.8,5.8,5.8,5.8
2009-04-08,0.0,5.8,5.8,5.8,5.8
2009-04-09,400.0,6.17,6.17,5.98,5.98
2009-04-13,3100.0,6.06,6.25,6.24,6.06
2009-04-14,1000.0,6.1,6.1,6.1,6.1
2009-04-15,0.0,6.1,6.1,6.1,6.1
2009-04-16,0.0,6.1,6.1,6.1,6.1
2009-04-17,2300.0,6.1,6.1,6.1,6.1
2009-04-20,0.0,6.1,6.1,6.1,6.1
2009-04-21,0.0,6.1,6.1,6.1,6.1
2009-04-22,0.0,6.1,6.1,6.1,6.1
2009-04-23,1000.0,6.1,6.1,6.1,6.1
2009-04-24,2857.0,6.1,6.15,6.14,6.1
2009-04-27,1000.0,6.1,6.1,6.1,6.1
2009-04-28,0.0,6.1,6.1,6.1,6.1
2009-04-29,0.0,6.1,6.1,6.1,6.1
2009-04-30,0.0,6.1,6.1,6.1,6.1
2009-05-01,100.0,5.75,5.75,5.75,5.75
2009-05-04,0.0,5.75,5.75,5.75,5.75
2009-05-05,750.0,5.82,5.9,5.8999,5.82
2009-05-06,2600.0,5.9401,6.24,5.81,5.81
2009-05-07,8900.0,5.95,6.5,6.0,5.95
2009-05-08,6592.0,6.0,6.0,5.96,5.9
2009-05-11,6500.0,5.76,5.92,5.36,5.36
2009-05-12,100.0,5.76,5.76,5.76,5.76
2009-05-13,1910.0,5.41,5.41,5.37,5.36
2009-05-14,5.0,5.41,5.41,5.41,5.41
2009-05-15,0.0,5.41,5.41,5.41,5.41
2009-05-18,1.0,5.41,5.41,5.41,5.41
2009-05-19,300.0,5.8,5.8,5.8,5.8
2009-05-20,4417.0,6.03,6.2,5.85,5.85
2009-05-21,1647.0,6.2,6.2,6.18,6.18
2009-05-22,100.0,6.19,6.19,6.19,6.19
2009-05-26,700.0,6.178,6.2,6.19,6.178
2009-05-27,300.0,6.24,6.24,6.24,6.24
2009-05-28,200.0,6.0901,6.0901,6.0901,6.0901
2009-05-29,0.0,6.09,6.09,6.09,6.09
2009-06-01,0.0,6.09,6.09,6.09,6.09
2009-06-02,0.0,6.09,6.09,6.09,6.09
2009-06-03,100.0,6.09,6.09,6.09,6.09
2009-06-04,0.0,6.09,6.09,6.09,6.09
2009-06-05,300.0,5.84,6.0,6.0,5.84
2009-06-08,0.0,5.84,5.84,5.84,5.84
2009-06-09,0.0,5.84,5.84,5.84,5.84
2009-06-10,1987.0,5.95,5.95,5.95,5.95
2009-06-11,1100.0,5.77,5.9,5.9,5.77
2009-06-12,0.0,5.77,5.77,5.77,5.77
2009-06-15,1968.0,5.75,5.8,5.8,5.74
2009-06-16,0.0,5.75,5.75,5.75,5.75
2009-06-17,1000.0,5.4,5.8,5.8,5.4
2009-06-18,100.0,5.46,5.46,5.46,5.46
2009-06-19,800.0,5.8,5.8,5.8,5.8
2009-06-22,0.0,5.8,5.8,5.8,5.8
2009-06-23,0.0,5.8,5.8,5.8,5.8
2009-06-24,2100.0,5.4,5.6101,5.61,5.4
2009-06-25,1900.0,5.36,5.8,5.79,5.3
2009-06-26,1700.0,5.5,5.5,5.305,5.27
2009-06-29,2000.0,5.31,5.31,5.31,5.31
2009-06-30,1500.0,5.3,5.31,5.31,5.3
2009-07-01,0.0,5.3,5.3,5.3,5.3
2009-07-02,100.0,5.716,5.716,5.716,5.716
2009-07-06,2000.0,5.4,5.55,5.55,5.4
2009-07-07,500.0,5.4,5.41,5.41,5.4
2009-07-08,0.0,5.4,5.4,5.4,5.4
2009-07-09,0.0,5.4,5.4,5.4,5.4
2009-07-10,0.0,5.4,5.4,5.4,5.4
2009-07-13,1571.0,5.4,5.52,5.52,5.4
2009-07-14,700.0,5.5,5.5,5.5,5.5
2009-07-15,0.0,5.5,5.5,5.5,5.5
2009-07-16,100.0,5.6,5.6,5.6,5.6
2009-07-17,350.0,5.6,5.61,5.61,5.6
2009-07-20,100.0,5.65,5.65,5.65,5.65
2009-07-21,0.0,5.65,5.65,5.65,5.65
2009-07-22,0.0,5.65,5.65,5.65,5.65
2009-07-23,0.0,5.65,5.65,5.65,5.65
2009-07-24,1700.0,5.7,5.7,5.65,5.65
2009-07-27,0.0,5.7,5.7,5.7,5.7
2009-07-28,700.0,5.75,5.75,5.74,5.74
2009-07-29,200.0,5.56,5.56,5.56,5.56
2009-07-30,3730.0,5.7,5.7031,5.5,5.5
2009-07-31,800.0,5.82,5.82,5.7,5.7
2009-08-03,100.0,5.4,5.4,5.4,5.4
2009-08-04,200.0,5.83,5.85,5.85,5.83
2009-08-05,23500.0,6.2,6.3824,5.76,5.76
2009-08-06,200.0,6.1,6.1,6.1,6.1
2009-08-07,0.0,6.1,6.1,6.1,6.1
2009-08-10,53000.0,5.4,5.945,5.51,5.35
2009-08-11,1800.0,5.6617,5.67,5.55,5.5
2009-08-12,32100.0,5.4,5.4,5.4,5.4
2009-08-13,1900.0,5.4,5.4,5.4,5.4
2009-08-14,10288.0,5.3,5.36,5.36,5.3
2009-08-17,2707.0,5.15,5.25,5.25,5.15
2009-08-18,10255.0,5.16,5.29,5.29,5.11
2009-08-19,105000.0,5.1,5.1,5.1,5.1
2009-08-20,3146.0,5.17,5.17,5.1,5.05
2009-08-21,68700.0,5.12,5.17,5.17,5.11
2009-08-24,3900.0,5.1,5.13,5.1,5.1
2009-08-25,796.0,5.0501,5.0501,5.05,5.05
2009-08-26,0.0,5.05,5.05,5.05,5.05
2009-08-27,0.0,5.05,5.05,5.05,5.05
2009-08-28,1900.0,5.11,5.1101,5.1101,5.1
2009-08-31,1500.0,5.11,5.11,5.11,5.11
2009-09-01,0.0,5.11,5.11,5.11,5.11
2009-09-02,800.0,5.15,5.15,5.14,5.14
2009-09-03,669.0,5.0501,5.0501,5.05,5.05
2009-09-04,200.0,5.05,5.05,5.05,5.05
2009-09-08,0.0,5.05,5.05,5.05,5.05
2009-09-09,928.0,5.29,5.29,5.28,5.27
2009-09-10,0.0,5.29,5.29,5.29,5.29
2009-09-11,1847.0,5.05,5.0601,5.05,5.05
2009-09-14,200.0,5.054,5.054,5.054,5.054
2009-09-15,300.0,5.0,5.01,5.01,5.0
2009-09-16,4257.0,5.0101,5.0825,5.0,5.0
2009-09-17,0.0,5.01,5.01,5.01,5.01
2009-09-18,63.0,5.0101,5.0101,5.0101,5.0101
2009-09-21,2900.0,5.05,5.06,5.05,5.05
2009-09-22,300.0,4.9,5.0,5.0,4.9
2009-09-23,0.0,4.9,4.9,4.9,4.9
2009-09-24,740.0,4.9999,4.9999,4.939,4.939
2009-09-25,100.0,4.9,4.9,4.9,4.9
2009-09-28,0.0,4.9,4.9,4.9,4.9
2009-09-29,200.0,4.9899,4.9899,4.9899,4.9899
2009-09-30,500.0,4.75,4.75,4.75,4.75
2009-10-01,3400.0,4.25,4.6401,4.6401,4.25
2009-10-02,136.0,4.1788,4.1788,4.1788,4.1788
2009-10-05,31300.0,4.15,4.15,4.15,4.1
2009-10-06,14814.0,4.5,4.6,4.52,4.2301
2009-10-07,0.0,4.5,4.5,4.5,4.5
2009-10-08,0.0,4.5,4.5,4.5,4.5
2009-10-09,1902.0,4.45,4.49,4.42,4.4
2009-10-12,24868.0,4.479,4.57,4.47,4.45
2009-10-13,0.0,4.48,4.48,4.48,4.48
2009-10-14,0.0,4.48,4.48,4.48,4.48
2009-10-15,28800.0,4.45,4.5,4.5,4.45
2009-10-16,2443.0,4.4,4.46,4.46,4.4
2009-10-19,1685.0,4.5,4.5001,4.5001,4.5
2009-10-20,12539.0,4.5,4.5,4.5,4.4
2009-10-21,0.0,4.5,4.5,4.5,4.5
2009-10-22,2650.0,4.5,4.5,4.49,4.44
2009-10-23,0.0,4.5,4.5,4.5,4.5
2009-10-26,900.0,4.35,4.3501,4.3501,4.35
2009-10-27,100.0,4.35,4.35,4.35,4.35
2009-10-28,0.0,4.35,4.35,4.35,4.35
2009-10-29,600.0,4.2699,4.35,4.35,4.23
2009-10-30,7700.0,4.03,4.1563,4.15,4.03
2009-11-02,22000.0,4.01,4.1,4.03,4.01
2009-11-03,1600.0,3.88,4.0,4.0,3.88
2009-11-04,24271.0,3.86,3.88,3.88,3.86
2009-11-05,2300.0,4.21,4.2699,4.0,4.0
2009-11-06,300.0,4.0301,4.04,4.04,4.0301
2009-11-09,0.0,4.0301,4.0301,4.0301,4.0301
2009-11-10,500.0,4.05,4.07,4.07,4.05
2009-11-11,1700.0,4.05,4.05,4.05,4.05
2009-11-12,3138.0,4.1,4.12,4.12,4.1
2009-11-13,0.0,4.1,4.1,4.1,4.1
2009-11-16,700.0,4.05,4.05,4.05,4.05
2009-11-17,14860.0,3.8,3.95,3.9,3.8
2009-11-18,1550.0,3.58,3.7999,3.7999,3.58
2009-11-19,1800.0,3.64,3.64,3.63,3.55
2009-11-20,5312.0,3.99,3.99,3.55,3.55
2009-11-23,0.0,3.99,3.99,3.99,3.99
2009-11-24,488.0,4.03,4.03,3.99,3.99
2009-11-25,0.0,4.03,4.03,4.03,4.03
2009-11-27,13700.0,3.32,4.03,4.03,3.01
2009-11-30,9520.0,3.21,3.4,3.34,3.21
2009-12-01,1143.0,3.25,3.255,3.25,3.25
2009-12-02,3454.0,3.35,3.4,3.4,3.35
2009-12-03,1000.0,3.35,3.3501,3.3501,3.35
2009-12-04,17300.0,3.51,4.02,4.02,3.4601
2009-12-07,12600.0,3.65,3.95,3.51,3.51
2009-12-08,4083.0,3.5,3.61,3.61,3.39
2009-12-09,1907.0,3.5,3.51,3.51,3.5
2009-12-10,0.0,3.5,3.5,3.5,3.5
2009-12-11,600.0,3.89,3.89,3.89,3.89
2009-12-14,1000.0,3.81,3.81,3.81,3.81
2009-12-15,0.0,3.81,3.81,3.81,3.81
2009-12-16,0.0,3.81,3.81,3.81,3.81
2009-12-17,0.0,3.81,3.81,3.81,3.81
2009-12-18,3753.0,3.52,3.65,3.65,3.5
2009-12-21,200.0,3.6485,3.6485,3.6485,3.6485
2009-12-22,6100.0,3.67,3.67,3.62,3.62
2009-12-23,11900.0,3.65,3.65,3.64,3.62
2009-12-24,0.0,3.65,3.65,3.65,3.65
2009-12-28,5564.0,3.76,3.76,3.68,3.64
2009-12-29,27600.0,3.4,3.76,3.76,3.06
2009-12-30,3550.0,3.505,3.5491,3.4,3.4
2009-12-31,11500.0,3.4,3.4,3.4,3.317
2010-01-04,6200.0,3.43,3.5,3.4711,3.43
2010-01-05,3300.0,3.5,3.5,3.5,3.4999
2010-01-06,6688.0,3.43,3.5,3.49,3.43
2010-01-07,18900.0,3.449,3.45,3.45,3.4
2010-01-08,19463.0,3.6999,3.7,3.4,3.35
2010-01-11,1619.0,3.4,3.4101,3.4101,3.4
2010-01-12,12600.0,3.75,3.75,3.47,3.45
2010-01-13,746.0,3.73,3.85,3.85,3.73
2010-01-14,14400.0,3.94,4.05,3.97,3.89
2010-01-15,1286.0,4.0,4.0,3.95,3.95
2010-01-19,12252.0,4.1,4.11,4.0,3.9
2010-01-20,1995.0,4.1,4.1,4.08,4.0001
2010-01-21,6916.0,4.25,4.32,4.1,4.1
2010-01-22,1000.0,4.25,4.25,4.25,4.25
2010-01-25,11300.0,4.28,4.79,4.79,4.28
2010-01-26,3100.0,4.15,4.7599,4.7599,4.15
2010-01-27,1066.0,4.1,4.125,4.11,4.1
2010-01-28,100.0,4.21,4.21,4.21,4.21
2010-01-29,0.0,4.21,4.21,4.21,4.21
2010-02-01,6669.0,3.96,4.15,4.1499,3.87
2010-02-02,6614.0,3.92,4.0,3.92,3.91
2010-02-03,1995.0,4.3,4.8299,3.92,3.92
2010-02-04,3609.0,4.0,4.12,4.12,4.0
2010-02-05,100.0,4.0,4.0,4.0,4.0
2010-02-08,1704.0,3.98,4.011,4.011,3.98
2010-02-09,0.0,3.98,3.98,3.98,3.98
2010-02-10,501.0,4.04,4.05,3.83,3.83
2010-02-11,5952.0,3.9685,3.9685,3.8125,3.48
2010-02-12,0.0,3.97,3.97,3.97,3.97
2010-02-16,1700.0,4.0,4.0,3.95,3.95
2010-02-17,0.0,4.0,4.0,4.0,4.0
2010-02-18,928.0,3.95,3.95,3.94,3.94
2010-02-19,6162.0,4.0,4.0,3.72,3.71
2010-02-22,900.0,3.95,3.95,3.92,3.9015
2010-02-23,0.0,3.95,3.95,3.95,3.95
2010-02-24,7865.0,4.0,4.1,3.9001,3.505
2010-02-25,3245.0,4.0,4.0,3.92,3.9
2010-02-26,0.0,4.0,4.0,4.0,4.0
2010-03-01,2600.0,3.8,3.87,3.8,3.8
2010-03-02,6595.0,3.93,4.14,3.85,3.75
2010-03-03,0.0,3.93,3.93,3.93,3.93
2010-03-04,1755.0,3.89,3.94,3.94,3.76
2010-03-05,5375.0,3.85,4.0,3.79,3.75
2010-03-08,3632.0,3.87,3.87,3.73,3.73
2010-03-09,3800.0,3.9,4.28,3.98,3.9
2010-03-10,2946.0,3.85,3.85,3.85,3.78
2010-03-11,700.0,4.05,4.15,4.15,4.05
2010-03-12,0.0,4.05,4.05,4.05,4.05
2010-03-15,4592.0,3.9,3.9,3.84,3.84
2010-03-16,0.0,3.9,3.9,3.9,3.9
2010-03-17,1200.0,4.0,4.0,3.86,3.86
2010-03-18,400.0,3.94,3.94,3.91,3.91
2010-03-19,200.0,4.05,4.05,4.05,4.05
2010-03-22,0.0,4.05,4.05,4.05,4.05
2010-03-23,700.0,3.9,3.91,3.91,3.79
2010-03-24,0.0,3.9,3.9,3.9,3.9
2010-03-25,0.0,3.9,3.9,3.9,3.9
2010-03-26,3264.0,3.9699,3.97,3.9,3.9
2010-03-29,500.0,3.882,3.882,3.882,3.882
2010-03-30,2240.0,3.88,3.88,3.86,3.86
2010-03-31,10411.0,3.96,4.35,4.08,3.96
2010-04-01,6752.0,4.13,4.15,3.85,3.85
2010-04-05,100.0,3.99,3.99,3.99,3.99
2010-04-06,400.0,4.11,4.14,4.14,4.11
2010-04-07,1900.0,4.03,4.08,4.08,4.01
2010-04-08,820.0,4.17,4.19,4.03,4.03
2010-04-09,1800.0,4.19,4.3,4.14,4.1
2010-04-12,1606.0,3.93,4.185,4.1,3.83
2010-04-13,6552.0,3.9,3.95,3.95,3.85
2010-04-14,220.0,4.055,4.055,4.055,4.055
2010-04-15,6800.0,4.04,4.04,3.86,3.86
2010-04-16,18999.0,4.08,4.25,4.1,4.08
2010-04-19,1500.0,4.05,4.08,4.08,4.05
2010-04-20,29963.0,3.99,4.09,4.09,3.87
2010-04-21,4065.0,4.1,4.1,4.0,4.0
2010-04-22,2900.0,3.86,4.1,4.1,3.86
2010-04-23,1500.0,4.1,4.1,3.98,3.98
2010-04-26,12032.0,4.0816,4.245,4.11,3.99
2010-04-27,977.0,4.05,4.06,4.05,4.05
2010-04-28,400.0,4.166,4.166,4.166,4.166
2010-04-29,4000.0,4.1,4.15,4.03,3.995
2010-04-30,3535.0,4.25,4.25,4.14,4.14
2010-05-03,5800.0,4.25,4.25,4.22,4.09
2010-05-04,0.0,4.25,4.25,4.25,4.25
2010-05-05,6624.0,4.05,4.2,4.02,4.0001
2010-05-06,801.0,4.25,4.25,4.07,4.05
2010-05-07,7986.0,4.195,4.2235,4.05,4.05
2010-05-10,7254.0,4.06,4.15,4.15,3.85
2010-05-11,0.0,4.06,4.06,4.06,4.06
2010-05-12,3000.0,4.05,4.06,4.06,4.05
2010-05-13,2900.0,4.05,4.05,4.05,4.045
2010-05-14,0.0,4.05,4.05,4.05,4.05
2010-05-17,240.0,4.05,4.23,4.23,4.05
2010-05-18,2100.0,4.1,4.19,4.05,4.05
2010-05-19,100.0,4.01,4.01,4.01,4.01
2010-05-20,1000.0,4.1,4.1,4.04,4.04
2010-05-21,0.0,4.1,4.1,4.1,4.1
2010-05-24,9087.0,4.0,4.0,4.0,4.0
2010-05-25,10317.0,4.16,4.17,4.03,3.85
2010-05-26,2602.0,4.05,4.15,4.15,3.95
2010-05-27,14050.0,4.13,4.13,3.91,3.91
2010-05-28,0.0,4.13,4.13,4.13,4.13
2010-06-01,4300.0,4.11,4.11,3.9,3.86
2010-06-02,11181.0,4.11,4.11,4.04,3.85
2010-06-03,0.0,4.11,4.11,4.11,4.11
2010-06-04,1281.0,3.93,3.935,3.91,3.9
2010-06-07,8026.0,4.09,4.09,3.89,3.77
2010-06-08,6000.0,3.8,3.9,3.9,3.8
2010-06-09,2209.0,4.01,4.03,3.8,3.78
2010-06-10,100.0,4.01,4.01,4.01,4.01
2010-06-11,4600.0,4.13,4.13,3.9,3.9
2010-06-14,4589.0,4.01,4.27,4.27,3.71
2010-06-15,5648.0,4.02,4.06,3.9,3.9
2010-06-16,10000.0,4.96,5.3,4.02,4.02
2010-06-17,12162.0,4.509,5.1,4.97,4.28
2010-06-18,1430.0,4.37,4.7199,4.62,4.37
2010-06-21,7401.0,4.2,4.73,4.47,4.15
2010-06-22,8400.0,4.61,4.61,4.2,4.2
2010-06-23,7213.0,4.34,4.61,4.61,4.01
2010-06-24,0.0,4.34,4.34,4.34,4.34
2010-06-25,5273.0,3.9,4.14,4.14,3.7101
2010-06-28,5674.0,4.09,4.23,4.0,3.75
2010-06-29,2450.0,3.89,3.89,3.81,3.75
2010-06-30,8000.0,3.8,3.9999,3.88,3.8
2010-07-01,6200.0,4.32,4.48,3.97,3.9
2010-07-02,842.0,4.2,4.2,4.18,4.17
2010-07-06,3779.0,4.02,4.15,4.15,3.95
2010-07-07,7092.0,4.31,4.4,4.03,4.03
2010-07-08,12014.0,3.92,4.3576,4.3576,3.91
2010-07-09,14428.0,4.09,4.21,4.05,3.9201
2010-07-12,9580.0,3.99,4.11,3.95,3.92
2010-07-13,6200.0,3.94,4.0,4.0,3.94
2010-07-14,1000.0,3.92,3.92,3.92,3.92
2010-07-15,1500.0,3.92,3.92,3.92,3.92
2010-07-16,8624.0,3.84,3.93,3.74,3.74
2010-07-19,11130.0,3.8,3.86,3.74,3.51
2010-07-20,2243.0,3.76,3.89,3.8,3.7
2010-07-21,300.0,3.83,3.83,3.83,3.83
2010-07-22,6300.0,4.0,4.0,3.89,3.89
2010-07-23,1996.0,3.95,4.05,3.9,3.87
2010-07-26,1255.0,3.73,3.782,3.782,3.73
2010-07-27,500.0,3.9,3.9,3.82,3.82
2010-07-28,0.0,3.9,3.9,3.9,3.9
2010-07-29,4000.0,3.85,3.86,3.86,3.849
2010-07-30,9600.0,3.83,3.95,3.95,3.78
2010-08-02,11115.0,3.76,3.8153,3.8153,3.76
2010-08-03,2400.0,3.76,3.8,3.8,3.76
2010-08-04,3818.0,4.42,4.49,3.76,3.76
2010-08-05,6059.0,3.93,4.42,4.42,3.93
2010-08-06,6110.0,4.35,4.36,3.8,3.8
2010-08-09,2800.0,3.93,4.21,4.21,3.8785
2010-08-10,1505.0,3.97,4.1,3.93,3.93
2010-08-11,500.0,4.04,4.04,4.01,4.01
2010-08-12,200.0,4.1,4.1,4.1,4.1
2010-08-13,0.0,4.1,4.1,4.1,4.1
2010-08-16,900.0,4.1,4.1,4.1,4.1
2010-08-17,0.0,4.1,4.1,4.1,4.1
2010-08-18,0.0,4.1,4.1,4.1,4.1
2010-08-19,896.0,4.3,4.3,4.1,4.1
2010-08-20,0.0,4.3,4.3,4.3,4.3
2010-08-23,0.0,4.3,4.3,4.3,4.3
2010-08-24,4522.0,4.15,4.21,4.21,4.15
2010-08-25,600.0,4.03,4.14,4.14,4.03
2010-08-26,0.0,4.03,4.03,4.03,4.03
2010-08-27,0.0,4.03,4.03,4.03,4.03
2010-08-30,831.0,4.35,4.35,4.27,4.27
2010-08-31,0.0,4.35,4.35,4.35,4.35
2010-09-01,200.0,4.29,4.29,4.29,4.29
2010-09-02,400.0,4.2,4.22,4.22,4.2
2010-09-03,1650.0,4.2,4.3301,4.33,4.2
2010-09-07,0.0,4.2,4.2,4.2,4.2
2010-09-08,100.0,4.18,4.18,4.18,4.18
2010-09-09,9200.0,3.7999,4.1,4.0,3.7999
2010-09-10,5700.0,3.8,3.8,3.8,3.8
2010-09-13,1700.0,3.75,3.8999,3.8999,3.72
2010-09-14,5798.0,3.63,3.75,3.75,3.63
2010-09-15,0.0,3.63,3.63,3.63,3.63
2010-09-16,0.0,3.63,3.63,3.63,3.63
2010-09-17,18872.0,3.79,3.79,3.7499,3.58
2010-09-20,0.0,3.79,3.79,3.79,3.79
2010-09-21,0.0,3.79,3.79,3.79,3.79
2010-09-22,0.0,3.79,3.79,3.79,3.79
2010-09-23,9300.0,4.0799,4.09,4.0,4.0
2010-09-24,2500.0,4.0,4.0,4.0,4.0
2010-09-27,0.0,4.0,4.0,4.0,4.0
2010-09-28,484.0,3.92,3.92,3.9101,3.9101
2010-09-29,4923.0,4.25,4.26,4.19,4.19
2010-09-30,6600.0,4.43,4.49,4.24,4.24
2010-10-01,500.0,4.43,4.43,4.43,4.43
2010-10-04,0.0,4.43,4.43,4.43,4.43
2010-10-05,0.0,4.43,4.43,4.43,4.43
2010-10-06,0.0,4.43,4.43,4.43,4.43
2010-10-07,0.0,4.43,4.43,4.43,4.43
2010-10-08,0.0,4.43,4.43,4.43,4.43
2010-10-11,1816.0,4.4,4.41,4.41,4.4
2010-10-12,0.0,4.4,4.4,4.4,4.4
2010-10-13,0.0,4.4,4.4,4.4,4.4
2010-10-14,500.0,4.4,4.4,4.4,4.4
2010-10-15,0.0,4.4,4.4,4.4,4.4
2010-10-18,0.0,4.4,4.4,4.4,4.4
2010-10-19,2700.0,4.3,4.3,4.3,4.3
2010-10-20,0.0,4.3,4.3,4.3,4.3
2010-10-21,0.0,4.3,4.3,4.3,4.3
2010-10-22,1900.0,4.35,4.35,4.35,4.35
2010-10-25,0.0,4.35,4.35,4.35,4.35
2010-10-26,4100.0,4.29,4.3,4.15,4.15
2010-10-27,2210.0,4.2,4.2,4.12,4.1
2010-10-28,0.0,4.2,4.2,4.2,4.2
2010-10-29,0.0,4.2,4.2,4.2,4.2
2010-11-01,652.0,4.11,4.12,4.12,4.11
2010-11-02,300.0,4.296,4.35,4.35,4.296
2010-11-03,3558.0,4.2999,4.3,4.3,4.28
2010-11-04,796.0,4.3,4.3,4.2,4.2
2010-11-05,0.0,4.3,4.3,4.3,4.3
2010-11-08,0.0,4.3,4.3,4.3,4.3
2010-11-09,480.0,4.3,4.3,4.29,4.29
2010-11-10,4273.0,4.5,4.5,4.2999,4.2999
2010-11-11,4200.0,4.25,4.45,4.45,4.25
2010-11-12,3980.0,4.18,4.39,4.24,4.18
2010-11-15,6855.0,4.17,4.2,4.2,4.17
2010-11-16,1700.0,4.2,4.26,4.2,4.2
2010-11-17,0.0,4.2,4.2,4.2,4.2
2010-11-18,1080.0,4.1501,4.17,4.15,4.15
2010-11-19,2980.0,4.15,4.195,4.16,4.15
2010-11-22,200.0,4.2,4.25,4.25,4.2
2010-11-23,0.0,4.2,4.2,4.2,4.2
2010-11-24,0.0,4.2,4.2,4.2,4.2
2010-11-26,980.0,4.1999,4.1999,4.19,4.19
2010-11-29,2800.0,4.15,4.2,4.15,4.12
2010-11-30,41000.0,3.8,4.17,4.12,3.51
2010-12-01,2770.0,3.9116,4.118,3.81,3.8
2010-12-02,1331.0,4.0,4.0,3.9,3.9
2010-12-03,2800.0,4.2,4.2,4.15,4.15
2010-12-06,4200.0,4.1,4.15,4.14,4.1
2010-12-07,9471.0,4.15,4.15,3.9,3.9
2010-12-08,3600.0,3.94,4.15,3.93,3.92
2010-12-09,100.0,3.96,3.96,3.96,3.96
2010-12-10,0.0,3.96,3.96,3.96,3.96
2010-12-13,0.0,3.96,3.96,3.96,3.96
2010-12-14,4537.0,3.9,3.925,3.925,3.9
2010-12-15,1807.0,3.9,3.9,3.9,3.9
2010-12-16,8463.0,3.81,4.0,3.99,3.81
2010-12-17,4735.0,3.905,4.15,3.8,3.75
2010-12-20,0.0,3.905,3.905,3.905,3.905
2010-12-21,16374.0,3.82,3.82,3.8,3.6
2010-12-22,2927.0,3.772,4.0,3.81,3.772
2010-12-23,8195.0,3.83,3.93,3.93,3.71
2010-12-27,1907.0,3.81,3.81,3.81,3.8
2010-12-28,1991.0,3.98,3.99,3.8,3.8
2010-12-29,1478.0,3.81,3.84,3.84,3.8
2010-12-30,5881.0,3.9,4.0,3.8,3.8
2010-12-31,30904.0,3.95,3.99,3.91,3.91
2011-01-03,8142.0,3.93,4.1,3.98,3.8
2011-01-04,1239.0,4.27,4.27,3.95,3.95
2011-01-05,1000.0,4.3,4.3,4.3,4.3
2011-01-06,1900.0,4.66,4.66,4.36,4.36
2011-01-07,200.0,4.9,4.9,4.75,4.75
2011-01-10,100.0,4.89,4.89,4.89,4.89
2011-01-11,0.0,4.89,4.89,4.89,4.89
2011-01-12,600.0,4.67,4.71,4.71,4.67
2011-01-13,5733.0,4.75,4.75,4.74,4.7
2011-01-14,4020.0,4.5,4.66,4.57,4.5
2011-01-18,3617.0,4.4,4.4,4.4,4.3
2011-01-19,3270.0,4.75,4.75,4.41,4.41
2011-01-20,1000.0,4.7458,4.75,4.75,4.7458
2011-01-21,3800.0,4.71,4.75,4.74,4.7095
2011-01-24,600.0,4.61,4.65,4.65,4.61
2011-01-25,190.0,4.7399,4.7399,4.7399,4.7399
2011-01-26,4880.0,4.75,4.75,4.72,4.72
2011-01-27,0.0,4.75,4.75,4.75,4.75
2011-01-28,7859.0,4.73,4.73,4.36,4.36
2011-01-31,23225.0,4.99,5.01,4.73,4.73
2011-02-01,6130.0,5.0,5.0,4.98,4.98
2011-02-02,4400.0,5.0,5.19,5.19,5.0
2011-02-03,4399.0,5.2218,5.24,5.01,5.0
2011-02-04,5272.0,5.49,5.49,5.24,5.22
2011-02-07,14992.0,5.59,5.7,5.5,5.499
2011-02-08,500.0,5.615,5.65,5.65,5.615
2011-02-09,200.0,5.235,5.235,5.235,5.235
2011-02-10,0.0,5.24,5.24,5.24,5.24
2011-02-11,4269.0,5.3,5.57,5.2299,5.0
2011-02-14,1238.0,5.2499,5.25,5.25,5.1
2011-02-15,0.0,5.2499,5.2499,5.2499,5.2499
2011-02-16,1232.0,5.47,5.47,5.22,5.22
2011-02-17,4580.0,5.1,5.5,5.5,5.04
2011-02-18,450.0,5.1,5.15,5.15,5.1
2011-02-22,1300.0,5.249,5.25,5.25,5.11
2011-02-23,0.0,5.249,5.249,5.249,5.249
2011-02-24,800.0,5.1,5.17,5.17,5.1
2011-02-25,2600.0,5.15,5.2399,5.2399,5.1
2011-02-28,12916.0,4.68,5.15,5.15,4.68
2011-03-01,900.0,4.92,4.93,4.87,4.87
2011-03-02,3000.0,5.04,5.04,4.95,4.95
2011-03-03,400.0,5.04,5.04,4.95,4.95
2011-03-04,2769.0,5.076,5.25,4.99,4.99
2011-03-07,8350.0,5.25,5.25,5.19,4.96
2011-03-08,591.0,5.449,5.449,5.25,5.25
2011-03-09,50521.0,4.92,5.45,5.449,4.63
2011-03-10,6534.0,4.9,4.97,4.97,4.9
2011-03-11,10745.0,4.7501,4.95,4.9,4.75
2011-03-14,9618.0,4.88,4.93,4.929,4.87
2011-03-15,3500.0,4.9401,4.99,4.95,4.9401
2011-03-16,0.0,4.9401,4.9401,4.9401,4.9401
2011-03-17,3100.0,4.99,4.99,4.9,4.8499
2011-03-18,3605.0,4.83,4.95,4.91,4.83
2011-03-21,21969.0,4.93,4.98,4.93,4.93
2011-03-22,0.0,4.93,4.93,4.93,4.93
2011-03-23,0.0,4.93,4.93,4.93,4.93
2011-03-24,0.0,4.93,4.93,4.93,4.93
2011-03-25,4300.0,4.94,4.9601,4.94,4.94
2011-03-28,12387.0,5.35,5.35,4.99,4.88
2011-03-29,200.0,5.27,5.31,5.31,5.27
2011-03-30,0.0,5.27,5.27,5.27,5.27
2011-03-31,1900.0,4.99,5.0,5.0,4.82
2011-04-01,1754.0,5.0,5.0,5.0,4.99
2011-04-04,0.0,5.0,5.0,5.0,5.0
2011-04-05,13805.0,5.1899,5.1899,5.0,4.81
2011-04-06,2158.0,5.15,5.19,5.12,5.12
2011-04-07,0.0,5.15,5.15,5.15,5.15
2011-04-08,1720.0,5.01,5.14,5.14,5.0
2011-04-11,98228.0,5.01,5.01,5.0,5.0
2011-04-12,5051.0,5.095,5.15,5.0,4.9765
2011-04-13,5252.0,5.19,5.19,5.14,5.14
2011-04-14,0.0,5.19,5.19,5.19,5.19
2011-04-15,0.0,5.19,5.19,5.19,5.19
2011-04-18,1405.0,5.07,5.1,5.07,5.06
2011-04-19,0.0,5.07,5.07,5.07,5.07
2011-04-20,0.0,5.07,5.07,5.07,5.07
2011-04-21,1305.0,5.26,5.2699,5.2699,5.25
2011-04-25,100.0,5.24,5.24,5.24,5.24
2011-04-26,300.0,5.1,5.1,5.1,5.1
2011-04-27,3570.0,5.27,5.27,5.27,5.24
2011-04-28,200.0,5.32,5.37,5.37,5.32
2011-04-29,0.0,5.32,5.32,5.32,5.32
2011-05-02,1500.0,5.18,5.32,5.32,5.18
2011-05-03,500.0,5.26,5.26,5.18,5.17
2011-05-04,1800.0,5.3699,5.37,5.37,5.3699
2011-05-05,2800.0,5.25,5.43,5.42,5.25
2011-05-06,0.0,5.25,5.25,5.25,5.25
2011-05-09,0.0,5.25,5.25,5.25,5.25
2011-05-10,0.0,5.25,5.25,5.25,5.25
2011-05-11,6999.0,5.45,5.45,5.42,5.25
2011-05-12,0.0,5.45,5.45,5.45,5.45
2011-05-13,8510.0,5.25,5.27,5.26,5.15
2011-05-16,0.0,5.25,5.25,5.25,5.25
2011-05-17,0.0,5.25,5.25,5.25,5.25
2011-05-18,609.0,5.25,5.27,5.27,5.25
2011-05-19,2491.0,5.25,5.25,5.25,5.25
2011-05-20,2909.0,5.2701,5.28,5.25,5.25
2011-05-23,0.0,5.2701,5.2701,5.2701,5.2701
2011-05-24,1000.0,5.21,5.21,5.21,5.21
2011-05-25,0.0,5.21,5.21,5.21,5.21
2011-05-26,0.0,5.21,5.21,5.21,5.21
2011-05-27,0.0,5.21,5.21,5.21,5.21
2011-05-31,100.0,5.46,5.46,5.46,5.46
2011-06-01,0.0,5.46,5.46,5.46,5.46
2011-06-02,0.0,5.46,5.46,5.46,5.46
2011-06-03,0.0,5.46,5.46,5.46,5.46
2011-06-06,250.0,5.274,5.274,5.274,5.274
2011-06-07,2800.0,5.32,5.4,5.4,5.32
2011-06-08,0.0,5.32,5.32,5.32,5.32
2011-06-09,2611.0,5.47,5.47,5.4,5.35
2011-06-10,0.0,5.47,5.47,5.47,5.47
2011-06-13,400.0,5.48,5.48,5.43,5.35
2011-06-14,0.0,5.48,5.48,5.48,5.48
2011-06-15,0.0,5.48,5.48,5.48,5.48
2011-06-16,100.0,5.48,5.48,5.48,5.48
2011-06-17,1220.0,5.41,5.41,5.35,5.35
2011-06-20,2000.0,5.35,5.3501,5.35,5.35
2011-06-21,0.0,5.35,5.35,5.35,5.35
2011-06-22,5060.0,5.49,5.5,5.48,5.43
2011-06-23,1000.0,5.49,5.85,5.67,5.49
2011-06-24,3420.0,5.62,5.63,5.63,5.56
2011-06-27,2600.0,5.6,5.6,5.5,5.5
2011-06-28,1400.0,5.6,5.6,5.5,5.5
2011-06-29,0.0,5.6,5.6,5.6,5.6
2011-06-30,2000.0,5.5,5.52,5.52,5.5
2011-07-01,9315.0,5.599,5.6,5.6,5.59
2011-07-05,1000.0,5.67,5.67,5.67,5.67
2011-07-06,200.0,5.62,5.62,5.62,5.62
2011-07-07,6500.0,5.62,5.63,5.63,5.62
2011-07-08,0.0,5.62,5.62,5.62,5.62
2011-07-11,0.0,5.62,5.62,5.62,5.62
2011-07-12,11831.0,5.76,5.76,5.64,5.62
2011-07-13,5800.0,6.23,6.77,5.75,5.75
2011-07-14,2200.0,6.0,6.32,6.29,6.0
2011-07-15,800.0,6.19,6.23,6.1,6.08
2011-07-18,200.0,6.12,6.19,6.19,6.12
2011-07-19,400.0,6.27,6.37,6.33,6.27
2011-07-20,3000.0,6.16,6.16,6.16,6.16
2011-07-21,0.0,6.16,6.16,6.16,6.16
2011-07-22,12516.0,6.1,6.2,6.18,6.02
2011-07-25,10200.0,6.1,6.12,6.01,6.0
2011-07-26,300.0,6.16,6.16,6.08,6.08
2011-07-27,3408.0,6.319,6.32,6.01,6.01
2011-07-28,8652.0,6.0,6.1,6.04,6.0
2011-07-29,400.0,6.28,6.28,6.07,6.07
2011-08-01,800.0,6.25,6.25,6.2,6.2
2011-08-02,0.0,6.25,6.25,6.25,6.25
2011-08-03,200.0,6.23,6.23,6.23,6.23
2011-08-04,0.0,6.23,6.23,6.23,6.23
2011-08-05,14650.0,6.0,6.02,6.02,5.99
2011-08-08,2100.0,5.62,5.64,5.64,5.62
2011-08-09,100.0,5.66,5.66,5.66,5.66
2011-08-10,4409.0,5.62,5.6501,5.65,5.62
2011-08-11,0.0,5.62,5.62,5.62,5.62
2011-08-12,800.0,5.62,5.64,5.64,5.62
2011-08-15,695.0,5.75,5.75,5.56,5.51
2011-08-16,100.0,5.71,5.71,5.71,5.71
2011-08-17,21300.0,5.75,5.9699,5.9699,5.72
2011-08-18,5660.0,5.62,5.75,5.75,5.6
2011-08-19,2000.0,5.62,5.62,5.62,5.62
2011-08-22,200.0,5.69,5.75,5.75,5.69
2011-08-23,11882.0,5.44,5.7,5.7,5.35
2011-08-24,10000.0,5.5,5.5,5.4,5.4
2011-08-25,11900.0,5.45,5.6,5.49,5.38
2011-08-26,3000.0,5.4,5.4,5.4,5.4
2011-08-29,11000.0,5.35,5.4,5.4,5.16
2011-08-30,0.0,5.35,5.35,5.35,5.35
2011-08-31,1000.0,5.49,5.49,5.47,5.47
2011-09-01,100.0,5.48,5.48,5.48,5.48
2011-09-02,200.0,5.44,5.44,5.44,5.44
2011-09-06,200.0,5.39,5.39,5.39,5.39
2011-09-07,0.0,5.39,5.39,5.39,5.39
2011-09-08,100.0,5.47,5.47,5.47,5.47
2011-09-09,6100.0,5.1,5.125,5.08,4.86
2011-09-12,1989.0,5.0,5.12,5.1,5.0
2011-09-13,1000.0,5.0,5.0416,5.0,5.0
2011-09-14,1700.0,5.03,5.1,5.1,5.0
2011-09-15,100.0,5.05,5.05,5.05,5.05
2011-09-16,4410.0,5.41,5.41,5.05,5.05
2011-09-19,2100.0,5.4,5.41,5.41,5.4
2011-09-20,0.0,5.4,5.4,5.4,5.4
2011-09-21,0.0,5.4,5.4,5.4,5.4
2011-09-22,0.0,5.4,5.4,5.4,5.4
2011-09-23,0.0,5.4,5.4,5.4,5.4
2011-09-26,1964.0,5.05,5.15,5.0001,5.0
2011-09-27,200.0,5.05,5.23,5.23,5.05
2011-09-28,0.0,5.05,5.05,5.05,5.05
2011-09-29,0.0,5.05,5.05,5.05,5.05
2011-09-30,100.0,5.0,5.0,5.0,5.0
2011-10-03,0.0,5.0,5.0,5.0,5.0
2011-10-04,0.0,5.0,5.0,5.0,5.0
2011-10-05,0.0,5.0,5.0,5.0,5.0
2011-10-06,0.0,5.0,5.0,5.0,5.0
2011-10-07,0.0,5.0,5.0,5.0,5.0
2011-10-10,18468.0,5.03,5.1,5.1,5.0
2011-10-11,1000.0,5.1,5.1,5.1,5.1
2011-10-12,20000.0,5.05,5.05,5.05,4.96
2011-10-13,0.0,5.05,5.05,5.05,5.05
2011-10-14,100.0,5.05,5.05,5.05,5.05
2011-10-17,0.0,5.05,5.05,5.05,5.05
2011-10-18,2000.0,5.0,5.0,5.0,5.0
2011-10-19,0.0,5.0,5.0,5.0,5.0
2011-10-20,382.0,5.0,5.01,5.01,5.0
2011-10-21,496.0,5.0,5.11,5.11,5.0
2011-10-24,1700.0,5.0,5.072,5.072,5.0
2011-10-25,0.0,5.0,5.0,5.0,5.0
2011-10-26,504.0,5.02,5.12,5.12,5.02
2011-10-27,1700.0,5.1,5.21,5.21,5.0
2011-10-28,1300.0,5.01,5.1,5.0,5.0
2011-10-31,1900.0,5.13,5.13,5.02,5.0
2011-11-01,700.0,5.0,5.01,5.01,5.0
2011-11-02,100.0,5.05,5.05,5.05,5.05
2011-11-03,200.0,5.0,5.0,5.0,5.0
2011-11-04,5000.0,4.9999,5.0,5.0,4.9999
2011-11-07,0.0,4.9999,4.9999,4.9999,4.9999
2011-11-08,3500.0,4.93,5.0,5.0,4.93
2011-11-09,3500.0,4.93,5.09,4.78,4.75
2011-11-10,6260.0,4.77,4.82,4.82,4.77
2011-11-11,10600.0,4.79,4.79,4.53,4.51
2011-11-14,4608.0,4.67,4.8,4.8,4.67
2011-11-15,2000.0,4.75,4.75,4.74,4.74
2011-11-16,5840.0,4.76,4.82,4.79,4.75
2011-11-17,0.0,4.76,4.76,4.76,4.76
2011-11-18,0.0,4.76,4.76,4.76,4.76
2011-11-21,100.0,4.66,4.66,4.66,4.66
2011-11-22,1300.0,4.65,4.67,4.67,4.64
2011-11-23,200.0,4.62,4.62,4.62,4.62
2011-11-25,200.0,4.6,4.62,4.62,4.6
2011-11-28,1000.0,4.6,4.6,4.6,4.6
2011-11-29,2100.0,4.51,4.6,4.6,4.51
2011-11-30,17250.0,4.6,4.6,4.6,4.51
2011-12-01,0.0,4.6,4.6,4.6,4.6
2011-12-02,4000.0,4.78,4.82,4.64,4.64
2011-12-05,14478.0,4.8,4.99,4.78,4.67
2011-12-06,6549.0,4.86,4.86,4.79,4.79
2011-12-07,3786.0,4.95,4.95,4.89,4.85
2011-12-08,5775.0,4.84,4.95,4.92,4.82
2011-12-09,23116.0,5.15,5.15,4.87,4.86
2011-12-12,10771.0,5.13,5.15,5.01,5.01
2011-12-13,4868.0,5.13,5.15,5.06,5.0
2011-12-14,300.0,5.0,5.13,5.13,5.0
2011-12-15,866.0,5.0,5.05,5.05,5.0
2011-12-16,4916.0,5.0499,5.05,5.04,4.89
2011-12-19,2705.0,5.0,5.08,5.05,5.0
2011-12-20,4778.0,5.0,5.0001,5.0,5.0
2011-12-21,11227.0,5.05,5.06,5.0,4.97
2011-12-22,9598.0,5.0,5.036,5.02,4.92
2011-12-23,11920.0,5.0,5.0,4.96,4.95
2011-12-27,2038.0,4.96,5.02,5.0001,4.95
2011-12-28,2600.0,4.9999,5.0,4.97,4.97
2011-12-29,2600.0,5.0,5.036,5.0,5.0
2011-12-30,1500.0,5.13,5.15,5.0,5.0
2012-01-03,2995.0,4.97,5.14,5.14,4.97
2012-01-04,7400.0,4.9999,5.0,4.99,4.99
2012-01-05,300.0,5.0,5.1,5.1,5.0
2012-01-06,0.0,5.0,5.0,5.0,5.0
2012-01-09,0.0,5.0,5.0,5.0,5.0
2012-01-10,3500.0,5.14,5.15,5.04,5.04
2012-01-11,2000.0,5.15,5.15,5.1499,5.1499
2012-01-12,1600.0,5.05,5.05,5.05,5.05
2012-01-13,0.0,5.05,5.05,5.05,5.05
2012-01-17,1500.0,4.91,5.1,5.095,4.91
2012-01-18,5200.0,5.15,5.15,5.05,5.05
2012-01-19,3724.0,5.38,5.4,5.11,5.11
2012-01-20,801.0,5.38,5.38,5.35,5.35
2012-01-23,0.0,5.38,5.38,5.38,5.38
2012-01-24,300.0,5.38,5.38,5.38,5.38
2012-01-25,0.0,5.38,5.38,5.38,5.38
2012-01-26,4148.0,5.4,5.4,5.38,5.379
2012-01-27,100.0,5.55,5.55,5.55,5.55
2012-01-30,2000.0,5.6,5.6,5.59,5.585
2012-01-31,10960.0,5.75,5.75,5.6,5.6
2012-02-01,6840.0,5.56,5.75,5.75,5.47
2012-02-02,1100.0,5.6,5.6,5.6,5.6
2012-02-03,0.0,5.6,5.6,5.6,5.6
2012-02-06,6900.0,5.6,5.62,5.61,5.0
2012-02-07,5300.0,5.73,5.73,5.59,5.56
2012-02-08,0.0,5.73,5.73,5.73,5.73
2012-02-09,781.0,5.75,5.75,5.69,5.69
2012-02-10,22900.0,5.6,5.62,5.62,5.4999
2012-02-13,10148.0,5.6,5.6,5.6,5.5
2012-02-14,9820.0,5.61,5.62,5.6,5.5508
2012-02-15,99701.0,5.58,5.6001,5.6,5.55
2012-02-16,69218.0,5.6,5.61,5.6,5.5
2012-02-17,67764.0,5.99,6.06,5.72,5.71
2012-02-21,3544.0,5.83,5.99,5.8201,5.82
2012-02-22,4200.0,5.79,5.85,5.8,5.78
2012-02-23,7400.0,5.99,5.99,5.89,5.89
2012-02-24,3300.0,5.951,5.961,5.93,5.91
2012-02-27,1400.0,5.91,6.0,6.0,5.91
2012-02-28,10808.0,5.9,5.9101,5.91,5.8506
2012-02-29,0.0,5.9,5.9,5.9,5.9
2012-03-01,300.0,5.8,5.91,5.91,5.8
2012-03-02,23676.0,5.7499,5.81,5.8,5.7
2012-03-05,0.0,5.7499,5.7499,5.7499,5.7499
2012-03-06,7595.0,5.8,5.8001,5.74,5.74
2012-03-07,0.0,5.8,5.8,5.8,5.8
2012-03-08,10003.0,5.9148,5.9148,5.8,5.79
2012-03-09,56409.0,5.7918,5.9,5.76,5.72
2012-03-12,37706.0,5.75,5.94,5.75,5.73
2012-03-13,13500.0,5.83,5.83,5.79,5.78
2012-03-14,1400.0,5.9,5.93,5.89,5.89
2012-03-15,30424.0,5.95,6.0,5.93,5.88
2012-03-16,9900.0,6.07,6.07,5.96,5.96
2012-03-19,43690.0,6.0,6.1,5.98,5.95
2012-03-20,500.0,6.01,6.0553,6.0553,6.01
2012-03-21,10300.0,6.06,6.1356,6.06,6.05
2012-03-22,14432.0,6.01,6.15,6.02,5.979
2012-03-23,15048.0,6.15,6.15,6.0499,6.01
2012-03-26,3000.0,6.1,6.1,6.1,6.1
2012-03-27,5000.0,6.1,6.1,6.1,6.1
2012-03-28,21700.0,6.1,6.2,6.17,6.025
2012-03-29,2150.0,6.1,6.1,6.05,6.05
2012-03-30,2082.0,6.06,6.07,6.07,6.06
2012-04-02,7700.0,6.1501,6.1992,6.08,6.08
2012-04-03,1400.0,6.15,6.19,6.15,6.15
2012-04-04,1000.0,6.1,6.1,6.1,6.1
2012-04-05,3050.0,6.1001,6.1792,6.11,6.1
2012-04-09,17151.0,6.035,6.11,6.1,5.94
2012-04-10,13015.0,6.05,6.06,6.01,5.95
2012-04-11,1000.0,6.18,6.18,6.17,6.16
2012-04-12,500.0,6.0744,6.17,6.17,6.0744
2012-04-13,1200.0,6.0,6.0,6.0,6.0
2012-04-16,17200.0,6.09,6.09,5.96,5.95
2012-04-17,1338.0,6.01,6.14,6.04,5.97
2012-04-18,38970.0,6.02,6.09,6.09,6.02
2012-04-19,3400.0,5.9999,6.0,6.0,5.9999
2012-04-20,5000.0,6.1001,6.11,6.03,6.02
2012-04-23,3400.0,6.15,6.15,6.02,6.01
2012-04-24,7800.0,6.18,6.24,6.1,6.07
2012-04-25,700.0,6.19,6.24,6.22,6.19
2012-04-26,100.0,6.17,6.17,6.17,6.17
2012-04-27,0.0,6.17,6.17,6.17,6.17
2012-04-30,1400.0,6.17,6.21,6.2,6.134
2012-05-01,18500.0,6.1,6.21,6.21,6.0992
2012-05-02,977.0,6.02,6.09,6.09,6.01
2012-05-03,200.0,6.09,6.1,6.1,6.09
2012-05-04,5282.0,6.18,6.22,6.04,6.04
2012-05-07,1690.0,6.15,6.17,6.17,6.0108
2012-05-08,100.0,6.1,6.1,6.1,6.1
2012-05-09,100.0,6.04,6.04,6.04,6.04
2012-05-10,9265.0,6.1,6.1,6.1,6.1
2012-05-11,100.0,6.21,6.21,6.21,6.21
2012-05-14,0.0,6.21,6.21,6.21,6.21
2012-05-15,8514.0,6.01,6.21,6.21,6.01
2012-05-16,1000.0,6.0101,6.0101,6.0101,6.0101
2012-05-17,400.0,6.05,6.05,6.05,6.05
2012-05-18,6020.0,6.05,6.22,6.21,6.01
2012-05-21,5438.0,6.28,6.28,6.04,6.02
2012-05-22,11800.0,6.2,6.26,6.26,6.05
2012-05-23,6192.0,6.15,6.21,6.14,6.07
2012-05-24,2500.0,6.05,6.14,6.14,6.05
2012-05-25,900.0,6.15,6.15,6.05,6.05
2012-05-29,45788.0,6.23,6.23,6.17,6.01
2012-05-30,0.0,6.23,6.23,6.23,6.23
2012-05-31,17483.0,6.02,6.19,6.19,6.02
2012-06-01,3900.0,5.93,5.97,5.95,5.93
2012-06-04,3900.0,6.0,6.0,6.0,6.0
2012-06-05,6930.0,5.9,5.95,5.95,5.9
2012-06-06,1900.0,6.0,6.0,5.905,5.9
2012-06-07,455.0,5.9,6.0,6.0,5.9
2012-06-08,2500.0,5.9,5.9,5.9,5.9
2012-06-11,0.0,5.9,5.9,5.9,5.9
2012-06-12,18190.0,5.7,5.8,5.8,5.7
2012-06-13,2500.0,5.61,5.6999,5.69,5.61
2012-06-14,354.0,5.6899,5.69,5.68,5.68
2012-06-15,22471.0,5.62,5.62,5.6101,5.54
2012-06-18,45160.0,5.63,5.75,5.59,5.55
2012-06-19,600.0,5.63,5.65,5.65,5.6
2012-06-20,0.0,5.63,5.63,5.63,5.63
2012-06-21,20078.0,5.63,5.665,5.6,5.6
2012-06-22,1079.0,5.63,5.63,5.63,5.63
2012-06-25,6010.0,5.63,5.64,5.57,5.5
2012-06-26,5962.0,5.65,5.65,5.6499,5.6
2012-06-27,7940.0,5.6501,5.6501,5.63,5.52
2012-06-28,400.0,5.65,5.66,5.66,5.65
2012-06-29,6756.0,5.6499,5.65,5.65,5.59
2012-07-02,5150.0,5.65,5.65,5.55,5.54
2012-07-03,0.0,5.65,5.65,5.65,5.65
2012-07-05,1200.0,5.66,5.75,5.66,5.66
2012-07-06,10500.0,5.65,5.67,5.67,5.64
2012-07-09,0.0,5.65,5.65,5.65,5.65
2012-07-10,9850.0,5.6762,5.76,5.75,5.6762
2012-07-11,3400.0,5.6777,5.7,5.7,5.65
2012-07-12,3200.0,5.62,5.65,5.65,5.56
2012-07-13,2200.0,5.65,5.65,5.59,5.56
2012-07-16,4073.0,5.6445,5.6499,5.59,5.59
2012-07-17,10905.0,5.59,5.6,5.6,5.54
2012-07-18,13350.0,5.6,5.61,5.5799,5.5799
2012-07-19,6400.0,5.6,5.6,5.6,5.5999
2012-07-20,4146.0,5.5,5.57,5.55,5.5
2012-07-23,38100.0,5.5579,5.5579,5.49,5.49
2012-07-24,5900.0,5.622,5.622,5.5,5.5
2012-07-25,2941.0,5.5501,5.56,5.56,5.548
2012-07-26,276.0,5.6,5.6,5.6,5.6
2012-07-27,2377.0,5.65,5.65,5.65,5.55
2012-07-30,4564.0,5.6019,5.75,5.73,5.6019
2012-07-31,8991.0,5.75,5.75,5.66,5.65
2012-08-01,5000.0,5.75,5.75,5.75,5.75
2012-08-02,100.0,5.73,5.73,5.73,5.73
2012-08-03,0.0,5.73,5.73,5.73,5.73
2012-08-06,0.0,5.73,5.73,5.73,5.73
2012-08-07,2309.0,5.93,5.93,5.9,5.9
2012-08-08,0.0,5.93,5.93,5.93,5.93
2012-08-09,29223.0,6.09,6.09,5.85,5.84
2012-08-10,0.0,6.09,6.09,6.09,6.09
2012-08-13,233.0,5.79,5.79,5.79,5.79
2012-08-14,12910.0,6.0,6.02,6.0001,6.0
2012-08-15,11778.0,6.0344,6.19,6.01,6.0
2012-08-16,1080.0,5.95,6.1,6.1,5.81
2012-08-17,0.0,5.95,5.95,5.95,5.95
2012-08-20,0.0,5.95,5.95,5.95,5.95
2012-08-21,30742.0,6.0,6.02,6.0,5.9
2012-08-22,100.0,5.86,5.86,5.86,5.86
2012-08-23,0.0,5.86,5.86,5.86,5.86
2012-08-24,7100.0,6.0,6.0,5.86,5.85
2012-08-27,1300.0,6.0,6.0,6.0,6.0
2012-08-28,900.0,5.78,6.0,6.0,5.75
2012-08-29,0.0,5.78,5.78,5.78,5.78
2012-08-30,662.0,5.8,5.8,5.78,5.78
2012-08-31,0.0,5.8,5.8,5.8,5.8
2012-09-04,0.0,5.8,5.8,5.8,5.8
2012-09-05,401.0,5.83,5.83,5.83,5.83
2012-09-06,500.0,5.88,5.88,5.88,5.88
2012-09-07,0.0,5.88,5.88,5.88,5.88
2012-09-10,3000.0,5.9,5.9,5.9,5.89
2012-09-11,5729.0,5.85,5.95,5.92,5.763
2012-09-12,1500.0,5.86,5.988,5.85,5.85
2012-09-13,0.0,5.86,5.86,5.86,5.86
2012-09-14,7700.0,6.0,6.0,5.97,5.97
2012-09-17,0.0,6.0,6.0,6.0,6.0
2012-09-18,9886.0,5.95,6.0,6.0,5.9
2012-09-19,55175.0,5.95,5.95,5.9,5.9
2012-09-20,35475.0,5.95,5.95,5.94,5.905
2012-09-21,1400.0,6.02,6.02,6.02,6.02
2012-09-24,0.0,6.02,6.02,6.02,6.02
2012-09-25,5300.0,5.95,5.96,5.96,5.95
2012-09-26,100.0,5.97,5.97,5.97,5.97
2012-09-27,1441.0,5.91,5.91,5.91,5.91
2012-09-28,654.0,5.9,5.9,5.76,5.75
2012-10-01,600.0,5.99,5.99,5.86,5.86
2012-10-02,500.0,5.95,5.95,5.94,5.94
2012-10-03,500.0,5.95,5.96,5.96,5.95
2012-10-04,77200.0,5.82,5.9,5.85,5.82
2012-10-05,14955.0,5.82,5.9,5.87,5.81
2012-10-08,1421.0,5.89,5.89,5.8499,5.81
2012-10-09,100.0,5.8,5.8,5.8,5.8
2012-10-10,400.0,5.75,5.789,5.789,5.75
2012-10-11,13700.0,5.85,5.9,5.79,5.75
2012-10-12,2300.0,5.85,5.89,5.85,5.85
2012-10-15,0.0,5.85,5.85,5.85,5.85
2012-10-16,700.0,5.85,5.85,5.85,5.85
2012-10-17,1055.0,5.7696,5.83,5.83,5.7696
2012-10-18,100.0,5.84,5.84,5.84,5.84
2012-10-19,0.0,5.84,5.84,5.84,5.84
2012-10-22,2800.0,5.8018,5.85,5.85,5.8018
2012-10-23,2085.0,5.8,5.8,5.8,5.79
2012-10-24,2300.0,5.79,5.8,5.79,5.79
2012-10-25,1493.0,5.6,5.8,5.8,5.6
2012-10-26,12432.0,5.6,5.73,5.73,5.6
2012-10-31,4356.0,5.56,5.57,5.57,5.56
2012-11-01,8476.0,5.7,5.7,5.58,5.58
2012-11-02,7848.0,5.7,5.72,5.72,5.7
2012-11-05,1987.0,5.65,5.9,5.75,5.65
2012-11-06,0.0,5.65,5.65,5.65,5.65
2012-11-07,1532.0,5.8,5.8,5.5635,5.5597
2012-11-08,187.0,5.8,5.8,5.8,5.8
2012-11-09,200.0,5.65,5.6912,5.6912,5.65
2012-11-12,300.0,5.7,5.7,5.7,5.7
2012-11-13,2100.0,5.69,5.69,5.69,5.6885
2012-11-14,0.0,5.69,5.69,5.69,5.69
2012-11-15,768.0,5.6,5.61,5.61,5.6
2012-11-16,0.0,5.6,5.6,5.6,5.6
2012-11-19,1200.0,5.8,5.8,5.65,5.6015
2012-11-20,7562.0,5.6,5.8,5.8,5.6
2012-11-21,3300.0,5.69,5.7,5.63,5.63
2012-11-23,3300.0,5.8,5.8,5.73,5.73
2012-11-26,14200.0,5.84,5.84,5.7,5.65
2012-11-27,300.0,5.76,5.76,5.76,5.76
2012-11-28,600.0,5.71,5.72,5.72,5.71
2012-11-29,0.0,5.71,5.71,5.71,5.71
2012-11-30,11644.0,5.75,5.78,5.75,5.71
2012-12-03,0.0,5.75,5.75,5.75,5.75
2012-12-04,7700.0,5.8,5.8001,5.77,5.77
2012-12-05,0.0,5.8,5.8,5.8,5.8
2012-12-06,11900.0,5.71,5.73,5.73,5.7
2012-12-07,2000.0,5.79,5.79,5.71,5.71
2012-12-10,6764.0,5.7,5.8897,5.75,5.7
2012-12-11,3000.0,5.8,5.8,5.8,5.79
2012-12-12,16553.0,5.92,5.92,5.75,5.74
2012-12-13,4500.0,5.99,6.0,6.0,5.87
2012-12-14,0.0,5.99,5.99,5.99,5.99
2012-12-17,21445.0,5.92,5.99,5.84,5.74
2012-12-18,9404.0,5.98,5.98,5.97,5.97
2012-12-19,0.0,5.98,5.98,5.98,5.98
2012-12-20,0.0,5.98,5.98,5.98,5.98
2012-12-21,18495.0,6.0499,6.065,6.0,5.87
2012-12-24,8284.0,6.05,6.09,6.04,6.03
2012-12-26,2200.0,6.0,6.05,6.05,6.0
2012-12-27,11342.0,5.81,5.96,5.94,5.81
2012-12-28,6225.0,6.0,6.0,5.8201,5.8201
2012-12-31,200.0,5.9999,5.9999,5.9999,5.9999
2013-01-02,5295.0,6.1,6.15,6.03,6.0001
2013-01-03,6900.0,6.0,6.11,6.09,6.0
2013-01-04,2591.0,6.17,6.17,6.01,6.01
2013-01-07,7010.0,6.15,6.22,6.19,6.1
2013-01-08,2270.0,6.1,6.13,6.13,6.1
2013-01-09,2200.0,6.19,6.21,6.13,6.13
2013-01-10,2531.0,6.0999,6.19,6.19,6.0999
2013-01-11,9042.0,6.05,6.1001,6.1,6.05
2013-01-14,19940.0,6.17,6.1983,6.01,6.0
2013-01-15,5300.0,6.17,6.2,6.2,6.1699
2013-01-16,700.0,6.18,6.18,6.15,6.15
2013-01-17,3925.0,6.18,6.18,6.18,6.17
2013-01-18,15551.0,6.01,6.11,6.11,6.01
2013-01-22,2000.0,6.1,6.13,6.06,6.06
2013-01-23,300.0,6.12,6.17,6.1,6.1
2013-01-24,2000.0,6.1201,6.1201,6.12,6.12
2013-01-25,1700.0,6.2,6.2099,6.2,6.2
2013-01-28,16586.0,6.2015,6.3,6.19,6.19
2013-01-29,1084.0,6.3485,6.3485,6.25,6.15
2013-01-30,0.0,6.35,6.35,6.35,6.35
2013-01-31,0.0,6.35,6.35,6.35,6.35
2013-02-01,18228.0,6.5899,6.6,6.35,6.3
2013-02-04,11322.0,6.4,6.64,6.64,6.32
2013-02-05,100.0,6.52,6.52,6.52,6.52
2013-02-06,0.0,6.52,6.52,6.52,6.52
2013-02-07,2800.0,6.59,6.59,6.47,6.47
2013-02-08,17135.0,7.0,7.0,6.59,6.56
2013-02-11,7093.0,6.8999,6.9999,6.96,6.6
2013-02-12,8369.0,6.9895,6.99,6.9,6.9
2013-02-13,66228.0,6.86,6.91,6.9,6.86
2013-02-14,3452.0,6.78,6.89,6.89,6.78
2013-02-15,3972.0,6.75,6.85,6.81,6.75
2013-02-19,4043.0,6.8499,6.85,6.76,6.7501
2013-02-20,12200.0,6.75,6.85,6.85,6.71
2013-02-21,1958.0,6.61,6.76,6.76,6.61
2013-02-22,8342.0,6.84,6.84,6.61,6.6
2013-02-25,3250.0,6.75,6.76,6.65,6.52
2013-02-26,2150.0,6.79,6.85,6.83,6.63
2013-02-27,0.0,6.79,6.79,6.79,6.79
2013-02-28,6653.0,6.7272,6.73,6.73,6.7272
2013-03-01,1200.0,6.6901,6.6901,6.69,6.69
2013-03-04,9511.0,6.75,6.8,6.7,6.69
2013-03-05,4131.0,6.75,6.8,6.76,6.75
2013-03-06,0.0,6.75,6.75,6.75,6.75
2013-03-07,3531.0,6.71,6.75,6.75,6.69
2013-03-08,2500.0,6.79,6.8,6.8,6.74
2013-03-11,0.0,6.79,6.79,6.79,6.79
2013-03-12,14842.0,6.7,6.716,6.7001,6.7
2013-03-13,23308.0,6.6499,6.72,6.72,6.6499
2013-03-14,13155.0,6.85,6.85,6.69,6.65
2013-03-15,7717.0,6.74,6.81,6.8,6.74
2013-03-18,1800.0,6.85,6.85,6.85,6.75
2013-03-19,6200.0,6.75,6.85,6.85,6.7
2013-03-20,9400.0,6.77,6.776,6.77,6.77
2013-03-21,6710.0,6.7701,6.7999,6.76,6.76
2013-03-22,17591.0,6.85,6.85,6.78,6.77
2013-03-25,0.0,6.85,6.85,6.85,6.85
2013-03-26,5597.0,6.83,6.9,6.81,6.81
2013-03-27,0.0,6.83,6.83,6.83,6.83
2013-03-28,300.0,6.88,6.88,6.88,6.88
2013-04-01,0.0,6.88,6.88,6.88,6.88
2013-04-02,11284.0,6.85,7.0,7.0,6.85
2013-04-03,0.0,6.85,6.85,6.85,6.85
2013-04-04,24219.0,6.9,6.9,6.85,6.85
2013-04-05,16900.0,7.31,7.33,6.9,6.9
2013-04-08,83387.0,7.25,7.39,7.18,7.12
2013-04-09,2176.0,7.1499,7.1826,7.14,6.91
2013-04-10,28468.0,7.1,7.2,7.149,7.1
2013-04-11,0.0,7.1,7.1,7.1,7.1
2013-04-12,7000.0,7.14,7.17,7.15,7.13
2013-04-15,15500.0,6.95,7.15,7.1,6.95
2013-04-16,500.0,7.03,7.05,7.0,7.0
2013-04-17,500.0,7.08,7.08,6.96,6.96
2013-04-18,3300.0,6.95,7.05,7.05,6.95
2013-04-19,1550.0,7.04,7.1,6.95,6.95
2013-04-22,6500.0,6.91,6.95,6.95,6.85
2013-04-23,11475.0,7.05,7.05,7.0,6.95
2013-04-24,12200.0,7.05,7.05,7.01,7.0
2013-04-25,2100.0,7.0,7.0499,7.0499,7.0
2013-04-26,47590.0,7.05,7.06,7.01,7.0
2013-04-29,9742.0,7.0501,7.0501,7.05,7.04
2013-04-30,200.0,7.13,7.14,7.14,7.13
2013-05-01,30254.0,6.99,7.13,7.13,6.99
2013-05-02,2200.0,7.01,7.168,6.98,6.96
2013-05-03,100.0,7.06,7.06,7.06,7.06
2013-05-06,486.0,7.0,7.0,7.0,7.0
2013-05-07,100.0,7.01,7.01,7.01,7.01
2013-05-08,2531.0,7.05,7.05,7.0,7.0
2013-05-09,300.0,7.05,7.05,7.05,7.05
2013-05-10,0.0,7.05,7.05,7.05,7.05
2013-05-13,100300.0,7.15,7.18,7.05,7.05
2013-05-14,2662.0,7.05,7.06,7.06,7.05
2013-05-15,0.0,7.05,7.05,7.05,7.05
2013-05-16,1093.0,7.0783,7.0783,7.06,7.06
2013-05-17,300.0,7.07,7.1,7.1,7.07
2013-05-20,100.0,7.08,7.08,7.08,7.08
2013-05-21,1796.0,7.07,7.08,7.0775,7.07
2013-05-22,7300.0,7.2,7.25,7.19,7.18
2013-05-23,500.0,7.1301,7.1301,7.12,7.12
2013-05-24,300.0,7.11,7.13,7.09,7.09
2013-05-28,200.0,7.25,7.25,7.24,7.24
2013-05-29,100.0,7.15,7.15,7.15,7.15
2013-05-30,100.0,7.16,7.16,7.16,7.16
2013-05-31,4891.0,7.11,7.159,7.1,7.05
2013-06-03,100.0,7.05,7.05,7.05,7.05
2013-06-04,700.0,7.06,7.061,7.06,7.06
2013-06-05,1381.0,7.0501,7.09,7.09,7.05
2013-06-06,650.0,7.05,7.05,7.05,7.05
2013-06-07,904.0,7.06,7.06,7.05,7.05
2013-06-10,200.0,7.05,7.05,7.05,7.05
2013-06-11,200.0,7.05,7.05,7.0,7.0
2013-06-12,300.0,7.05,7.14,6.91,6.91
2013-06-13,300.0,7.05,7.05,7.05,7.05
2013-06-14,300.0,7.0,7.0,7.0,7.0
2013-06-17,500.0,7.05,7.05,7.05,7.05
2013-06-18,100.0,7.05,7.05,7.05,7.05
2013-06-19,100.0,7.05,7.05,7.05,7.05
2013-06-20,4285.0,7.05,7.06,7.06,7.05
2013-06-21,760.0,7.14,7.14,7.0,7.0
2013-06-24,12341.0,6.96,7.01,7.0,6.95
2013-06-25,200.0,6.95,6.95,6.92,6.92
2013-06-26,0.0,6.95,6.95,6.95,6.95
2013-06-27,100.0,7.0,7.0,7.0,7.0
2013-06-28,900.0,7.0001,7.0001,6.95,6.95
2013-07-01,1400.0,7.0,7.0,6.99,6.99
2013-07-02,2300.0,7.0,7.05,7.0,7.0
2013-07-03,8699.0,7.06,7.06,7.06,7.0
2013-07-05,0.0,7.06,7.06,7.06,7.06
2013-07-08,0.0,7.06,7.06,7.06,7.06
2013-07-09,0.0,7.06,7.06,7.06,7.06
2013-07-10,7177.0,7.14,7.14,7.08,7.08
2013-07-11,7100.0,7.21,7.3,7.15,7.1
2013-07-12,400.0,7.2,7.2,7.2,7.2
2013-07-15,1300.0,7.24,7.29,7.2899,7.24
2013-07-16,100.0,7.2,7.2,7.2,7.2
2013-07-17,647.0,7.22,7.2201,7.22,7.22
2013-07-18,2700.0,7.31,7.31,7.29,7.24
2013-07-19,4900.0,7.38,7.66,7.23,7.23
2013-07-22,827.0,7.231,7.25,7.24,7.231
2013-07-23,100.0,7.24,7.24,7.24,7.24
2013-07-24,25200.0,7.48,7.68,7.3,7.287
2013-07-25,5595.0,7.5,7.5,7.48,7.43
2013-07-26,4524.0,7.5001,7.53,7.48,7.47
2013-07-29,2400.0,7.5,7.53,7.5,7.4999
2013-07-30,2842.0,7.702,7.702,7.5,7.5
2013-07-31,524.0,7.5,7.56,7.56,7.5
2013-08-01,3000.0,7.44,7.5,7.5,7.42
2013-08-02,3550.0,7.59,7.6099,7.41,7.41
2013-08-05,0.0,7.59,7.59,7.59,7.59
2013-08-06,2605.0,7.75,7.75,7.51,7.51
2013-08-07,1400.0,7.4601,7.7499,7.7499,7.4601
2013-08-08,100.0,7.5,7.5,7.5,7.5
2013-08-09,3647.0,7.66,7.66,7.5,7.5
2013-08-12,1300.0,7.73,7.74,7.7,7.7
2013-08-13,0.0,7.73,7.73,7.73,7.73
2013-08-14,5821.0,7.6,7.74,7.74,7.56
2013-08-15,9217.0,7.31,7.57,7.57,7.31
2013-08-16,0.0,7.31,7.31,7.31,7.31
2013-08-19,4524.0,7.3,7.31,7.3001,7.29
2013-08-20,518.0,7.31,7.31,7.28,7.28
2013-08-21,1000.0,7.5,7.5,7.4904,7.4904
2013-08-22,0.0,7.5,7.5,7.5,7.5
2013-08-23,3105.0,7.4,7.4999,7.4999,7.25
2013-08-26,1164.0,7.27,7.48,7.48,7.25
2013-08-27,2600.0,7.25,7.2501,7.25,7.25
2013-08-28,3467.0,7.3235,7.41,7.25,7.25
2013-08-29,1300.0,7.31,7.32,7.32,7.25
2013-08-30,8710.0,7.2699,7.2701,7.2701,7.25
2013-09-03,6999.0,7.37,7.37,7.27,7.25
2013-09-04,4825.0,7.3,7.3001,7.2999,7.2999
2013-09-05,1200.0,7.251,7.251,7.25,7.25
2013-09-06,7685.0,7.1999,7.22,7.201,7.1999
2013-09-09,17729.0,7.3256,7.34,7.1999,7.1999
2013-09-10,23320.0,7.37,7.47,7.21,7.2
2013-09-11,3262.0,7.23,7.47,7.47,7.16
2013-09-12,1200.0,7.28,7.44,7.39,7.26
2013-09-13,10069.0,7.24,7.29,7.19,7.15
2013-09-16,8372.0,7.402,7.402,7.3,7.15
2013-09-17,1100.0,7.3,7.4,7.4,7.17
2013-09-18,4460.0,7.29,7.35,7.35,7.26
2013-09-19,3534.0,7.4,7.4,7.28,7.25
2013-09-20,827.0,7.4,7.4,7.4,7.4
2013-09-23,3700.0,7.2,7.2,7.2,7.19
2013-09-24,12000.0,7.25,7.28,7.25,7.25
2013-09-25,1200.0,7.25,7.35,7.25,7.25
2013-09-26,6702.0,7.25,7.39,7.27,7.25
2013-09-27,1953.0,7.29,7.292,7.24,7.24
2013-09-30,13084.0,7.25,7.289,7.289,7.25
2013-10-01,6167.0,7.36,7.38,7.25,7.25
2013-10-02,852.0,7.38,7.55,7.51,7.32
2013-10-03,235.0,7.27,7.27,7.2544,7.2544
2013-10-04,5250.0,7.25,7.52,7.39,7.25
2013-10-07,3700.0,7.25,7.4,7.39,7.25
2013-10-08,15475.0,7.21,7.42,7.3,7.21
2013-10-09,5942.0,7.27,7.51,7.26,7.24
2013-10-10,2317.0,7.26,7.38,7.36,7.26
2013-10-11,1950.0,7.28,7.7,7.49,7.28
2013-10-14,8038.0,7.25,7.69,7.39,7.25
2013-10-15,13540.0,7.3,7.4999,7.29,7.25
2013-10-16,5900.0,7.38,7.4,7.36,7.36
2013-10-17,5700.0,7.401,7.401,7.36,7.35
2013-10-18,2487.0,7.301,7.31,7.31,7.3
2013-10-21,1500.0,7.4692,7.4692,7.3,7.3
2013-10-22,200.0,7.44,7.44,7.44,7.44
2013-10-23,32272.0,7.4,7.52,7.4001,7.4
2013-10-24,33234.0,7.4,7.43,7.43,7.4
2013-10-25,11052.0,7.5,7.5,7.41,7.41
2013-10-28,300.0,7.55,7.55,7.47,7.47
2013-10-29,700.0,7.64,7.64,7.461,7.461
2013-10-30,300.0,7.48,7.48,7.48,7.48
2013-10-31,500.0,7.65,7.65,7.65,7.65
2013-11-01,200.0,7.58,7.58,7.58,7.58
2013-11-04,0.0,7.58,7.58,7.58,7.58
2013-11-05,100.0,7.59,7.59,7.59,7.59
2013-11-06,2308.0,7.6,7.6298,7.6298,7.6
2013-11-07,0.0,7.6,7.6,7.6,7.6
2013-11-08,1000.0,7.41,7.41,7.41,7.41
2013-11-11,200.0,7.44,7.45,7.45,7.44
2013-11-12,2166.0,7.41,7.58,7.5,7.41
2013-11-13,17317.0,7.46,7.5,7.48,7.4
2013-11-14,11700.0,7.5,7.5035,7.4,7.4
2013-11-15,4100.0,7.55,7.55,7.47,7.47
2013-11-18,1000.0,7.6,7.6,7.6,7.6
2013-11-19,4346.0,7.5,7.588,7.588,7.499
2013-11-20,10800.0,7.4,7.51,7.51,7.4
2013-11-21,3532.0,7.48,7.48,7.4,7.4
2013-11-22,100.0,7.47,7.47,7.47,7.47
2013-11-25,0.0,7.47,7.47,7.47,7.47
2013-11-26,7100.0,7.549,7.55,7.5,7.5
2013-11-27,15098.0,7.6,7.65,7.55,7.55
2013-11-29,300.0,7.6,7.6,7.6,7.6
2013-12-02,0.0,7.6,7.6,7.6,7.6
2013-12-03,300.0,7.6,7.6,7.6,7.6
2013-12-04,1500.0,7.6,7.6001,7.6001,7.6
2013-12-05,2500.0,7.6,7.6,7.6,7.6
2013-12-06,1800.0,7.6,7.6,7.6,7.6
2013-12-09,154.0,7.61,7.61,7.61,7.61
2013-12-10,1000.0,7.6001,7.6001,7.6001,7.6001
2013-12-11,1796.0,7.6,7.6001,7.6001,7.6
2013-12-12,8600.0,7.65,7.65,7.6,7.6
2013-12-13,0.0,7.65,7.65,7.65,7.65
2013-12-16,1600.0,7.6,7.6,7.6,7.6
2013-12-17,171.0,7.6,7.6,7.6,7.6
2013-12-18,5.0,7.65,7.65,7.65,7.65
2013-12-19,0.0,7.6,7.6,7.6,7.6
2013-12-20,10500.0,7.41,7.61,7.579,7.41
2013-12-23,300.0,7.2645,7.2645,7.2645,7.2645
2013-12-24,0.0,7.26,7.26,7.26,7.26
2013-12-26,5400.0,7.4999,7.4999,7.4,7.4
2013-12-27,450.0,7.401,7.401,7.401,7.401
2013-12-30,2500.0,7.48,7.49,7.2821,7.2821
2013-12-31,6112.0,7.41,7.45,7.3181,7.31
2014-01-02,1369.0,7.3004,7.38,7.38,7.3004
2014-01-03,1975.0,7.37,7.399,7.39,7.3501
2014-01-06,6012.0,7.3999,7.4,7.4,7.3999
2014-01-07,0.0,7.3999,7.3999,7.3999,7.3999
2014-01-08,477.0,7.4,7.4,7.3,7.3
2014-01-09,6748.0,7.401,7.401,7.4,7.399
2014-01-10,100.0,7.4,7.4,7.4,7.4
2014-01-13,246.0,7.3301,7.3301,7.29,7.29
2014-01-14,1655.0,7.4,7.499,7.4,7.4
2014-01-15,22462.0,7.45,7.51,7.4,7.4
2014-01-16,9836.0,7.5,7.59,7.5,7.4999
2014-01-17,1000.0,7.59,7.59,7.5501,7.5501
2014-01-21,21706.0,7.75,7.75,7.5756,7.5756
2014-01-22,23256.0,8.02,8.02,7.75,7.75
2014-01-23,1499.0,8.02,8.02,8.0,8.0
2014-01-24,1800.0,8.0,8.01,8.0,8.0
2014-01-27,4350.0,7.8999,8.01,8.01,7.8999
2014-01-28,0.0,7.8999,7.8999,7.8999,7.8999
2014-01-29,3200.0,8.05,8.05,7.88,7.88
2014-01-30,499.0,7.9,7.91,7.8,7.8
2014-01-31,342.0,8.05,8.05,8.04,8.04
2014-02-03,2719.0,7.8601,8.05,8.04,7.8601
2014-02-04,150.0,8.07,8.07,8.07,8.07
2014-02-05,102.0,7.92,7.92,7.92,7.92
2014-02-06,47.0,7.92,7.92,7.92,7.92
2014-02-07,8905.0,8.0903,8.1,7.9999,7.999
2014-02-10,1100.0,7.9,7.92,7.9,7.9
2014-02-11,1552.0,7.95,7.95,7.9,7.879
2014-02-12,18300.0,8.21,8.56,8.0,8.0
2014-02-13,8769.0,8.33,8.55,8.2,8.2
2014-02-14,1829.0,8.33,8.4001,8.4,8.33
2014-02-18,1811.0,8.25,8.33,8.33,8.2
2014-02-19,103.0,8.25,8.25,8.25,8.25
2014-02-20,500.0,8.2,8.2,8.2,8.2
2014-02-21,9017.0,8.25,8.3,8.29,8.2001
2014-02-24,1155.0,8.2,8.2775,8.2775,8.2
2014-02-25,2200.0,8.25,8.25,8.2001,8.2001
2014-02-26,13278.0,8.2,8.25,8.25,8.2
2014-02-27,3047.0,8.24,8.24,8.1,8.1
2014-02-28,1577.0,8.25,8.3,8.24,8.24
2014-03-03,1113.0,8.1,8.24,8.24,8.1
2014-03-04,100.0,8.24,8.24,8.24,8.24
2014-03-05,478.0,8.1999,8.2,8.2,8.1999
2014-03-06,600.0,8.19,8.2,8.2,8.19
2014-03-07,2900.0,8.2,8.2,8.2,8.2
2014-03-10,100.0,8.2,8.2,8.2,8.2
2014-03-11,2100.0,8.2,8.2,8.2,8.192
2014-03-12,107.0,8.2,8.2,8.2,8.2
2014-03-13,1730.0,8.1999,8.1999,8.1999,8.1999
2014-03-14,100.0,8.2,8.2,8.2,8.2
2014-03-17,18.0,8.12,8.12,8.12,8.12
2014-03-18,1959.0,8.12,8.2,8.2,8.12
2014-03-19,2009.0,8.18,8.18,8.1799,8.1799
2014-03-20,3106.0,8.12,8.145,8.145,8.12
2014-03-21,3879.0,8.0,8.1,8.1,8.0
2014-03-24,4738.0,7.98,8.02,8.02,7.98
2014-03-25,2.0,7.98,7.98,7.98,7.98
2014-03-26,1002.0,7.98,8.0,7.9999,7.98
2014-03-27,62.0,7.99,7.99,7.99,7.99
2014-03-28,4837.0,8.05,8.05,8.0001,7.95
2014-03-31,4482.0,8.0,8.05,8.05,7.95
2014-04-01,1740.0,8.05,8.05,7.9657,7.9657
2014-04-02,1300.0,8.0,8.0,7.9999,7.9999
2014-04-03,4200.0,7.8949,8.0,8.0,7.89
2014-04-04,0.0,7.89,7.89,7.89,7.89
2014-04-07,0.0,7.89,7.89,7.89,7.89
2014-04-08,1013.0,7.9999,7.9999,7.9999,7.9999
2014-04-09,1000.0,7.9,7.93,7.93,7.9
2014-04-10,199.0,7.9,7.9,7.9,7.9
2014-04-11,1712.0,7.91,8.0,8.0,7.91
2014-04-14,900.0,7.9,7.91,7.91,7.9
2014-04-15,2000.0,7.88,7.89,7.88,7.86
2014-04-16,5453.0,7.96,8.05,8.0499,7.96
2014-04-17,11613.0,8.05,8.08,8.01,8.01
2014-04-21,5444.0,8.04,8.19,8.19,8.0399
2014-04-22,10909.0,8.09,8.09,7.87,7.87
2014-04-23,4600.0,8.001,8.011,8.011,7.99
2014-04-24,3878.0,8.02,8.02,7.9999,7.99
2014-04-25,1200.0,7.98,8.02,8.02,7.9735
2014-04-28,1320.0,7.9871,8.0,8.0,7.9871
2014-04-29,5192.0,8.049,8.05,8.0,7.91
2014-04-30,381.0,7.984,7.9999,7.9999,7.984
2014-05-01,1464.0,7.9125,8.0,7.98,7.9125
2014-05-02,3040.0,7.955,8.0,8.0,7.95
2014-05-05,3896.0,8.02,8.02,8.0,8.0
2014-05-06,10190.0,8.0,8.0,7.9999,7.99
2014-05-07,1599.0,7.98,8.0,8.0,7.98
2014-05-08,5.0,7.98,7.98,7.98,7.98
2014-05-09,29605.0,7.95,7.98,7.98,7.74
2014-05-12,19120.0,8.04,8.04,7.9996,7.9996
2014-05-13,2600.0,8.02,8.021,8.0,8.0
2014-05-14,0.0,8.02,8.02,8.02,8.02
2014-05-15,2536.0,8.04,8.04,7.97,7.97
2014-05-16,124.0,8.0,8.0,8.0,8.0
2014-05-19,2634.0,8.0,8.0,8.0,7.9999
2014-05-20,1974.0,8.02,8.05,8.04,8.02
2014-05-21,3294.0,8.04,8.05,8.05,8.02
2014-05-22,522.0,8.04,8.04,8.04,8.04
2014-05-23,1180.0,8.0001,8.0001,8.0001,8.0
2014-05-27,2100.0,8.02,8.02,8.02,7.99
2014-05-28,4350.0,8.0,8.12,7.9701,7.9701
2014-05-29,398.0,7.97,7.9704,7.9704,7.97
2014-05-30,800.0,8.0,8.0,8.0,8.0
2014-06-02,0.0,8.0,8.0,8.0,8.0
2014-06-03,0.0,8.0,8.0,8.0,8.0
2014-06-04,1907.0,8.0,8.01,8.01,8.0
2014-06-05,511.0,8.12,8.12,8.05,8.05
2014-06-06,1202.0,8.085,8.085,8.0701,8.07
2014-06-09,802.0,8.121,8.121,8.07,8.07
2014-06-10,3138.0,8.23,8.24,8.1001,8.1001
2014-06-11,446.0,8.219,8.24,8.239,8.219
2014-06-12,16.0,8.23,8.23,8.23,8.23
2014-06-13,200.0,8.11,8.11,8.11,8.11
2014-06-16,1359.0,8.24,8.24,8.22,8.22
2014-06-17,1457.0,8.34,8.35,8.23,8.22
2014-06-18,5347.0,8.3,8.35,8.29,8.28
2014-06-19,1658.0,8.3,8.3,8.28,8.28
2014-06-20,883.0,8.44,8.47,8.3101,8.3101
2014-06-23,730.0,8.41,8.41,8.36,8.34
2014-06-24,626.0,8.48,8.499,8.499,8.48
2014-06-25,600.0,8.46,8.4685,8.4685,8.4275
2014-06-26,1500.0,8.42,8.47,8.47,8.261
2014-06-27,76.0,8.28,8.28,8.28,8.28
2014-06-30,756.0,8.498,8.498,8.49,8.28
2014-07-01,5981.0,8.57,8.61,8.2601,8.2601
2014-07-02,3428.0,8.44,8.585,8.55,8.44
2014-07-03,900.0,8.63,8.63,8.4601,8.46
2014-07-07,3770.0,8.73,8.78,8.5,8.5
2014-07-08,4200.0,8.74,8.75,8.75,8.6501
2014-07-09,9300.0,8.67,8.7,8.66,8.54
2014-07-10,2305.0,8.65,8.65,8.64,8.6
2014-07-11,604.0,8.7,8.7,8.7,8.68
2014-07-14,230.0,8.67,8.7,8.67,8.67
2014-07-15,100.0,8.72,8.72,8.72,8.72
2014-07-16,1100.0,8.6649,8.73,8.73,8.6649
2014-07-17,1689.0,8.69,8.75,8.75,8.42
2014-07-18,22700.0,8.7,9.355,8.7499,8.67
2014-07-21,453.0,8.65,8.66,8.66,8.65
2014-07-22,100.0,8.88,8.88,8.88,8.88
2014-07-23,1500.0,8.84,8.87,8.87,8.56
2014-07-24,1300.0,8.83,8.85,8.65,8.65
2014-07-25,3440.0,8.96,9.14,8.9,8.88
2014-07-28,500.0,8.95,8.99,8.99,8.8
2014-07-29,1751.0,8.78,8.99,8.99,8.6
2014-07-30,1500.0,8.89,8.99,8.99,8.89
2014-07-31,1299.0,8.8,8.81,8.8,8.8
2014-08-01,4100.0,8.8,8.9,8.81,8.8
2014-08-04,4353.0,8.84,8.85,8.71,8.71
2014-08-05,700.0,8.8,8.82,8.82,8.8
2014-08-06,600.0,8.75,8.79,8.65,8.65
2014-08-07,10678.0,8.75,8.78,8.75,8.67
2014-08-08,5698.0,8.73,8.75,8.73,8.67
2014-08-11,24407.0,8.62,8.8,8.75,8.595
2014-08-12,403.0,8.58,8.58,8.58,8.58
2014-08-13,1931.0,8.8,8.8,8.68,8.67
2014-08-14,9986.0,8.75,8.75,8.6001,8.5
2014-08-15,4393.0,8.8,8.8,8.76,8.61
2014-08-18,1485.0,8.77,8.77,8.75,8.73
2014-08-19,200.0,8.77,8.77,8.77,8.77
2014-08-20,0.0,8.77,8.77,8.77,8.77
2014-08-21,14779.0,8.9,8.9,8.75,8.75
2014-08-22,8450.0,8.95,8.97,8.88,8.88
2014-08-25,2602.0,8.95,8.95,8.85,8.85
2014-08-26,4100.0,8.9,8.99,8.99,8.8001
2014-08-27,3781.0,8.85,8.8987,8.86,8.85
2014-08-28,320.0,8.75,8.75,8.7499,8.7499
2014-08-29,7250.0,8.65,8.76,8.58,8.55
2014-09-02,651.0,8.75,8.76,8.76,8.73
2014-09-03,400.0,8.808,8.808,8.808,8.808
2014-09-04,0.0,8.81,8.81,8.81,8.81
2014-09-05,75.0,8.808,8.808,8.808,8.808
2014-09-08,357.0,8.97,8.97,8.97,8.97
2014-09-09,932.0,8.73,8.97,8.78,8.73
2014-09-10,1804.0,8.85,8.9,8.9,8.5902
2014-09-11,232.0,8.79,8.79,8.79,8.79
2014-09-12,3168.0,8.55,8.85,8.7499,8.55
2014-09-15,439.0,8.75,8.75,8.61,8.61
2014-09-16,11.0,8.75,8.75,8.75,8.75
2014-09-17,2528.0,8.8,8.8,8.6,8.6
2014-09-18,98168.0,8.7,8.78,8.6,8.55
2014-09-19,169834.0,8.75,8.76,8.6,8.55
2014-09-22,1241.0,8.6,8.8,8.6,8.6
2014-09-23,136.0,8.6,8.6,8.6,8.6
2014-09-24,4300.0,8.725,8.76,8.5,8.5
2014-09-25,20015.0,8.76,8.8,8.5,8.5
2014-09-26,2826.0,8.75,8.76,8.76,8.5
2014-09-29,102.0,8.65,8.65,8.65,8.65
2014-09-30,8600.0,8.85,8.89,8.74,8.6
2014-10-01,1112.0,8.76,8.81,8.8,8.71
2014-10-02,35429.0,8.76,8.77,8.63,8.6
2014-10-03,1570.0,8.8,8.8,8.75,8.75
2014-10-06,2089.0,8.8,8.8,8.8,8.78
2014-10-07,3924.0,8.85,8.89,8.8,8.65
2014-10-08,8703.0,8.8,8.89,8.818,8.794
2014-10-09,985.0,8.85,8.85,8.81,8.81
2014-10-10,5417.0,8.83,8.88,8.81,8.7505
2014-10-13,3032.0,8.85,8.85,8.85,8.6785
2014-10-14,16316.0,8.75,8.85,8.85,8.71
2014-10-15,1350.0,8.71,8.76,8.76,8.71
2014-10-16,252.0,8.8,8.8,8.8,8.8
2014-10-17,300.0,8.7105,8.73,8.73,8.7105
2014-10-20,2457.0,8.75,8.75,8.7101,8.7101
2014-10-21,1252.0,8.89,8.94,8.94,8.89
2014-10-22,83.0,8.89,8.89,8.89,8.89
2014-10-23,1646.0,8.85,8.85,8.78,8.78
2014-10-24,432.0,8.84,8.84,8.84,8.84
2014-10-27,244.0,8.76,8.76,8.76,8.76
2014-10-28,1425.0,8.88,8.9,8.9,8.88
2014-10-29,0.0,8.88,8.88,8.88,8.88
2014-10-30,587.0,8.87,8.87,8.87,8.85
2014-10-31,736.0,8.9,8.93,8.73,8.71
2014-11-03,50.0,8.9,8.9,8.9,8.9
2014-11-04,1741.0,8.92,8.95,8.8,8.79
2014-11-05,3278.0,8.81,8.85,8.85,8.8
2014-11-06,1632.0,8.85,8.85,8.73,8.73
2014-11-07,2102.0,8.92,8.92,8.9199,8.9088
2014-11-10,2000.0,8.85,8.851,8.851,8.85
2014-11-11,1750.0,8.85,8.92,8.9199,8.85
2014-11-12,11275.0,8.92,8.95,8.92,8.9
2014-11-13,500.0,8.94,8.94,8.94,8.94
2014-11-14,13987.0,9.03,9.03,8.95,8.95
2014-11-17,12900.0,9.05,9.05,9.05,9.05
2014-11-18,2949.0,9.065,9.14,9.14,9.06
2014-11-19,0.0,9.065,9.065,9.065,9.065
2014-11-20,0.0,9.065,9.065,9.065,9.065
2014-11-21,1800.0,9.22,9.22,9.15,9.15
2014-11-24,8920.0,9.25,9.32,9.17,9.17
2014-11-25,8700.0,9.31,9.32,9.28,9.28
2014-11-26,3996.0,9.36,9.36,9.3099,9.27
2014-11-28,107.0,9.3848,9.3848,9.3848,9.3848
2014-12-01,30.0,9.3848,9.3848,9.3848,9.3848
2014-12-02,3413.0,9.263,9.43,9.43,9.263
2014-12-03,10219.0,9.21,9.34,9.34,9.2
2014-12-04,5166.0,9.2001,9.3,9.3,9.2
2014-12-05,3595.0,9.35,9.35,9.3,9.3
2014-12-08,300.0,9.25,9.35,9.35,9.25
2014-12-09,16402.0,9.25,9.25,9.2,8.59
2014-12-10,1483.0,9.06,9.22,9.05,9.05
2014-12-11,704.0,9.195,9.25,9.2399,9.183
2014-12-12,3850.0,9.14,9.15,9.14,9.11
2014-12-15,2396.0,9.13,9.15,9.14,9.13
2014-12-16,300.0,9.08,9.08,9.08,9.08
2014-12-17,1370.0,9.15,9.15,9.05,9.05
2014-12-18,5124.0,9.15,9.15,9.15,9.06
2014-12-19,5824.0,8.87,9.2,9.15,8.87
2014-12-22,3658.0,9.2,9.2,8.98,8.98
2014-12-23,226.0,9.2,9.2,9.2,9.2
2014-12-24,110.0,9.07,9.07,9.07,9.07
2014-12-26,190.0,9.1,9.1,9.1,9.1
2014-12-29,2230.0,9.07,9.1,9.07,9.07
2014-12-30,3381.0,9.06,9.1,9.06,9.06
2014-12-31,5525.0,9.145,9.15,9.1,9.1
2015-01-02,5385.0,9.05,9.15,9.15,9.05
2015-01-05,4280.0,9.13,9.15,9.05,9.05
2015-01-06,5913.0,9.13,9.19,9.18,9.05
2015-01-07,5160.0,9.18,9.18,9.05,9.05
2015-01-08,5800.0,9.05,9.1,9.08,9.05
2015-01-09,8000.0,9.1,9.1,9.05,9.05
2015-01-12,3262.0,9.5,9.5,9.05,9.05
2015-01-13,1800.0,9.05,9.08,9.08,9.05
2015-01-14,400.0,9.06,9.06,9.06,9.05
2015-01-15,800.0,9.05,9.05,9.05,9.05
2015-01-16,600.0,9.05,9.05,9.0,9.0
2015-01-20,858.0,9.05,9.05,9.05,9.05
2015-01-21,552.0,9.05,9.051,9.051,9.05
2015-01-22,1302.0,9.05,9.1,9.05,9.05
2015-01-23,195.0,9.15,9.15,9.15,9.15
2015-01-26,3500.0,9.07,9.34,9.1,9.07
2015-01-27,5472.0,9.0,9.16,9.16,8.6
2015-01-28,4436.0,9.0,9.0,9.0,9.0
2015-01-29,75.0,9.0,9.0,9.0,9.0
2015-01-30,1700.0,9.15,9.151,9.15,9.15
2015-02-02,3000.0,9.25,9.25,9.24,9.24
2015-02-03,4694.0,9.2499,9.25,9.166,9.15
2015-02-04,3152.0,9.2499,9.25,9.2,9.2
2015-02-05,4435.0,9.38,9.38,9.29,9.29
2015-02-06,0.0,9.38,9.38,9.38,9.38
2015-02-09,161.0,9.45,9.45,9.45,9.45
2015-02-10,200.0,9.45,9.45,9.45,9.45
2015-02-11,800.0,9.35,9.35,9.35,9.35
2015-02-12,5151.0,9.4499,9.4499,9.35,9.3001
2015-02-13,1395.0,9.35,9.4001,9.4,9.35
2015-02-17,0.0,9.35,9.35,9.35,9.35
2015-02-18,0.0,9.35,9.35,9.35,9.35
2015-02-19,0.0,9.35,9.35,9.35,9.35
2015-02-20,1250.0,9.18,9.18,9.11,9.11
2015-02-23,2505.0,9.2,9.201,9.201,9.2
2015-02-24,0.0,9.2,9.2,9.2,9.2
2015-02-25,0.0,9.2,9.2,9.2,9.2
2015-02-26,6.0,9.2,9.2,9.2,9.2
2015-02-27,116.0,9.2,9.2,9.2,9.2
2015-03-02,209.0,9.2,9.2,9.2,9.2
2015-03-03,5955.0,9.39,9.4,9.35,9.32
2015-03-04,1.0,9.39,9.39,9.39,9.39
2015-03-05,0.0,9.39,9.39,9.39,9.39
2015-03-06,1005.0,9.2999,9.2999,9.2999,9.2999
2015-03-09,108.0,9.0001,9.0001,9.0001,9.0001
2015-03-10,6417.0,9.1,9.2,9.08,9.0
2015-03-11,460.0,9.03,9.2,9.2,9.03
2015-03-12,8.0,9.03,9.03,9.03,9.03
2015-03-13,102.0,9.17,9.17,9.17,9.17
2015-03-16,7360.0,9.1,9.2,9.0,9.0
2015-03-17,396.0,9.2,9.2,9.2,9.2
2015-03-18,97.0,9.2,9.2,9.2,9.2
2015-03-19,318.0,9.2,9.2,9.2,9.2
2015-03-20,691.0,9.11,9.11,9.11,9.11
2015-03-23,1765.0,9.25,9.25,9.25,9.25
2015-03-24,632.0,9.25,9.25,9.2395,9.2395
2015-03-25,27.0,9.25,9.25,9.25,9.25
2015-03-26,31.0,9.25,9.25,9.25,9.25
2015-03-27,5317.0,9.25,9.25,9.25,9.1
2015-03-30,176.0,9.1,9.1,9.1,9.1
2015-03-31,32.0,9.1,9.1,9.1,9.1
2015-04-01,1853.0,9.1999,9.2,9.199,9.1899
2015-04-02,0.0,9.1999,9.1999,9.1999,9.1999
2015-04-06,15.0,9.1999,9.1999,9.1999,9.1999
2015-04-07,4642.0,9.2,9.29,9.29,9.1001
2015-04-08,0.0,9.2,9.2,9.2,9.2
2015-04-09,100.0,9.24,9.24,9.24,9.24
2015-04-10,3011.0,9.25,9.25,9.25,9.25
2015-04-13,25.0,9.25,9.25,9.25,9.25
2015-04-14,9000.0,9.245,9.26,9.25,9.2
2015-04-15,200.0,9.2,9.25,9.25,9.2
2015-04-16,100.0,9.2,9.2,9.2,9.2
2015-04-17,600.0,9.2,9.2,9.2,9.2
2015-04-20,35.0,9.2,9.2,9.2,9.2
2015-04-21,0.0,9.2,9.2,9.2,9.2
2015-04-22,1001.0,9.06,9.06,9.06,9.06
2015-04-23,0.0,9.06,9.06,9.06,9.06
2015-04-24,1115.0,9.2,9.2,9.19,9.15
2015-04-27,2461.0,9.101,9.19,9.19,9.101
2015-04-28,5000.0,9.1,9.15,9.15,9.1
2015-04-29,50.0,9.1,9.1,9.1,9.1
2015-04-30,2991.0,9.05,9.0701,9.0701,9.05
2015-05-01,2387.0,9.16,9.16,9.05,9.05
2015-05-04,2602.0,9.07,9.1245,9.1245,9.0
2015-05-05,3965.0,9.1,9.135,9.09,9.09
2015-05-06,50.0,9.1,9.1,9.1,9.1
2015-05-07,801.0,9.05,9.05,9.05,9.05
2015-05-08,4372.0,9.1,9.1,9.0001,8.9999
2015-05-11,1504.0,9.1,9.1,9.1,9.05
2015-05-12,50.0,9.1,9.1,9.1,9.1
2015-05-13,1047.0,9.05,9.05,9.05,9.05
2015-05-14,700.0,9.06,9.1,9.05,9.05
2015-05-15,400.0,9.0601,9.0601,9.0601,9.0601
2015-05-18,4000.0,9.1,9.1,9.0999,9.0999
2015-05-19,17129.0,9.1,9.1,9.06,8.56
2015-05-20,7723.0,9.0,9.15,9.149,8.99
2015-05-21,4000.0,8.95,8.96,8.95,8.95
2015-05-22,19600.0,9.0,9.09,9.0,8.95
2015-05-26,2700.0,9.0,9.04,9.0,9.0
2015-05-27,3006.0,8.98,9.0,8.99,8.96
2015-05-28,9700.0,8.96,9.0,9.0,8.96
2015-05-29,7514.0,9.0,9.0,8.985,8.97
2015-06-01,1668.0,9.0,9.0,9.0,8.99
2015-06-02,3354.0,9.0,9.0,9.0,8.99
2015-06-03,596.0,9.0,9.0,8.96,8.96
2015-06-04,10459.0,9.01,9.01,9.0,8.95
2015-06-05,140.0,9.0,9.0,9.0,9.0
2015-06-08,1257.0,9.05,9.1,9.1,9.05
2015-06-09,641.0,9.1,9.1,9.09,9.09
2015-06-10,2159.0,9.1,9.25,9.09,9.09
2015-06-11,7894.0,9.01,9.25,9.25,9.01
2015-06-12,200.0,9.22,9.22,9.22,9.22
2015-06-15,452.0,9.48,9.48,9.28,9.28
2015-06-16,1113.0,9.25,9.45,9.45,9.25
2015-06-17,215.0,9.25,9.25,9.25,9.25
2015-06-18,2093.0,9.45,9.45,9.45,9.25
2015-06-19,7114.0,9.45,9.45,9.3,9.06
2015-06-22,1579.0,9.3021,9.3021,9.3021,9.3021
2015-06-23,0.0,9.3021,9.3021,9.3021,9.3021
2015-06-24,9689.0,9.35,9.5,9.44,9.35
2015-06-25,8354.0,9.445,9.45,9.43,9.3
2015-06-26,380.0,9.44,9.44,9.44,9.44
2015-06-29,306.0,9.4499,9.45,9.4,9.4
2015-06-30,308.0,9.16,9.43,9.43,9.16
2015-07-01,6197.0,9.35,9.4001,9.4,9.35
2015-07-02,8564.0,9.2,9.25,9.2001,9.15
2015-07-06,1733.0,9.15,9.16,9.16,9.15
2015-07-07,1282.0,9.37,9.37,9.15,9.15
2015-07-08,100.0,9.14,9.14,9.14,9.14
2015-07-09,2600.0,9.28,9.28,9.14,9.1
2015-07-10,5300.0,9.2,9.4,9.3,9.2
2015-07-13,4289.0,9.33,9.4,9.1001,9.1
2015-07-14,280.0,9.18,9.18,9.18,9.18
2015-07-15,0.0,9.18,9.18,9.18,9.18
2015-07-16,0.0,9.18,9.18,9.18,9.18
2015-07-17,0.0,9.18,9.18,9.18,9.18
2015-07-20,5750.0,9.2,9.22,9.22,9.2
2015-07-21,100.0,9.16,9.16,9.16,9.16
2015-07-22,610.0,9.16,9.16,9.16,9.16
2015-07-23,0.0,9.16,9.16,9.16,9.16
2015-07-24,46.0,9.16,9.16,9.16,9.16
2015-07-27,225.0,9.28,9.28,9.28,9.28
2015-07-28,176.0,9.28,9.28,9.28,9.28
2015-07-29,2278.0,9.1,9.28,9.28,9.1
2015-07-30,0.0,9.1,9.1,9.1,9.1
2015-07-31,102.0,9.1,9.1,9.1,9.1
2015-08-03,213.0,9.11,9.11,9.1,9.1
2015-08-04,200.0,9.23,9.23,9.23,9.23
2015-08-05,2648.0,9.14,9.18,9.18,9.1
2015-08-06,500.0,9.1,9.25,9.25,9.1
2015-08-07,326.0,9.14,9.24,9.24,9.14
2015-08-10,3458.0,9.1,9.12,9.12,9.1
2015-08-11,3000.0,9.0,9.001,9.001,9.0
2015-08-12,3820.0,8.96,9.0,8.95,8.95
2015-08-13,927.0,8.95,8.965,8.95,8.95
2015-08-14,975.0,8.95,8.98,8.98,8.95
2015-08-17,452.0,9.0,9.1,9.1,9.0
2015-08-18,1150.0,9.1,9.1001,9.1,9.1
2015-08-19,335.0,9.1,9.1,9.1,9.1
2015-08-20,9.0,9.1,9.1,9.1,9.1
2015-08-21,12.0,9.1,9.1,9.1,9.1
2015-08-24,9651.0,9.0,9.0001,8.95,8.77
2015-08-25,419.0,8.99,8.99,8.89,8.89
2015-08-26,2001.0,9.0,9.0,8.9,8.9
2015-08-27,293.0,8.95,9.15,9.15,8.95
2015-08-28,1006.0,8.97,9.07,9.07,8.97
2015-08-31,502.0,9.1,9.15,8.97,8.97
2015-09-01,1197.0,8.95,8.97,8.97,8.95
2015-09-02,2401.0,8.8,8.975,8.95,8.8
2015-09-03,201.0,8.91,8.91,8.91,8.91
2015-09-04,852.0,9.04,9.04,9.0,9.0
2015-09-08,8930.0,8.84,8.97,8.92,8.81
2015-09-09,1872.0,8.88,9.02,9.02,8.81
2015-09-10,4689.0,8.9,8.96,8.88,8.88
2015-09-11,24965.0,8.85,9.0,8.9,8.81
2015-09-14,5611.0,8.845,8.9,8.9,8.83
2015-09-15,4099.0,8.84,8.85,8.84,8.84
2015-09-16,5307.0,8.86,8.92,8.85,8.84
2015-09-17,15495.0,8.93,9.0,8.84,8.84
2015-09-18,60963.0,9.17,9.17,8.97,8.84
2015-09-21,3517.0,8.9,9.0,9.0,8.9
2015-09-22,3838.0,8.9,9.05,8.9,8.88
2015-09-23,584.0,8.9,8.9,8.9,8.9
2015-09-24,4753.0,8.88,9.015,8.93,8.88
2015-09-25,4072.0,8.84,8.9,8.88,8.84
2015-09-28,2083.0,8.8433,8.8433,8.84,8.84
2015-09-29,400.0,8.84,8.84,8.84,8.84
2015-09-30,616.0,8.84,8.8401,8.8401,8.84
2015-10-01,213.0,8.84,8.84,8.84,8.84
2015-10-02,1639.0,8.86,9.1,9.1,8.85
2015-10-05,8395.0,8.83,8.86,8.86,8.83
2015-10-06,2992.0,8.89,8.89,8.81,8.81
2015-10-07,997.0,8.83,9.0,9.0,8.83
2015-10-08,100.0,8.85,8.85,8.85,8.85
2015-10-09,100.0,8.86,8.86,8.86,8.86
2015-10-12,6700.0,8.9,9.0,8.9999,8.9
2015-10-13,202.0,8.9,8.9,8.9,8.9
2015-10-14,353.0,8.9,8.95,8.95,8.9
2015-10-15,3226.0,8.86,8.9,8.9,8.86
2015-10-16,8453.0,8.9,8.95,8.9,8.88
2015-10-19,21829.0,8.88,9.0,8.99,8.86
2015-10-20,6500.0,8.85,8.92,8.85,8.85
2015-10-21,100.0,8.9,8.9,8.9,8.9
2015-10-22,9343.0,8.89,8.9,8.9,8.88
2015-10-23,227.0,8.89,8.89,8.89,8.89
2015-10-26,5608.0,8.9,8.91,8.9,8.85
2015-10-27,580.0,8.91,8.99,8.9,8.8999
2015-10-28,5046.0,8.85,8.8677,8.8677,8.85
2015-10-29,11.0,8.85,8.85,8.85,8.85
2015-10-30,81.0,8.85,8.85,8.85,8.85
2015-11-02,5209.0,8.98,9.0,8.98,8.95
2015-11-03,10137.0,8.95,9.0,8.998,8.95
2015-11-04,10555.0,8.95,9.19,8.9991,8.95
2015-11-05,1238.0,8.95,8.95,8.95,8.95
2015-11-06,17800.0,8.85,9.17,8.99,8.85
2015-11-09,14700.0,9.0,9.0901,8.93,8.9
2015-11-10,100.0,9.0,9.0,9.0,9.0
2015-11-11,4004.0,9.1,9.19,9.14,9.0
2015-11-12,8598.0,9.01,9.15,9.05,8.975
2015-11-13,1597.0,9.0,9.099,9.01,9.0
2015-11-16,3274.0,9.01,9.1,9.1,9.01
2015-11-17,4562.0,9.09,9.1,9.1,9.02
2015-11-18,8304.0,9.01,9.14,9.1,9.01
2015-11-19,2381.0,9.1,9.1,9.1,9.05
2015-11-20,22353.0,9.15,9.19,9.14,9.06
2015-11-23,8200.0,9.2999,9.2999,9.16,9.15
2015-11-24,1948.0,9.2,9.3,9.3,9.2
2015-11-25,3161.0,9.3001,9.3497,9.3,9.3
2015-11-27,4476.0,9.3,9.35,9.35,9.3
2015-11-30,705.0,9.29,9.3,9.3,9.29
2015-12-01,12832.0,9.35,9.49,9.35,9.33
2015-12-02,11320.0,9.45,9.46,9.46,9.4
2015-12-03,1.0,9.45,9.45,9.45,9.45
2015-12-04,9464.0,9.35,9.45,9.3501,9.35
2015-12-07,7021.0,9.35,9.4,9.4,9.35
2015-12-08,4.0,9.35,9.35,9.35,9.35
2015-12-09,7.0,9.35,9.35,9.35,9.35
2015-12-10,826.0,9.32,9.32,9.3001,9.3001
2015-12-11,2195.0,9.35,9.39,9.39,9.34
2015-12-14,4227.0,9.3,9.3,9.3,9.3
2015-12-15,6098.0,9.3,9.32,9.31,9.3
2015-12-16,1283.0,9.3,9.3499,9.3,9.3
2015-12-17,11428.0,9.3,9.35,9.35,9.3
2015-12-18,4254.0,9.29,9.3,9.2999,9.29
2015-12-21,20156.0,9.33,9.38,9.38,9.26
2015-12-22,1982.0,9.3,9.34,9.31,9.3
2015-12-23,5202.0,9.3,9.34,9.3399,9.3
2015-12-24,2034.0,9.3,9.37,9.337,9.3
2015-12-28,5168.0,9.35,9.4,9.35,9.3
2015-12-29,5601.0,9.35,9.36,9.35,9.35
2015-12-30,602.0,9.36,9.4799,9.36,9.36
2015-12-31,388.0,9.46,9.48,9.44,9.44
2016-01-04,251.0,9.41,9.49,9.49,9.41
2016-01-05,3452.0,9.5,9.5,9.49,9.4
2016-01-06,5508.0,9.7,9.73,9.51,9.5
2016-01-07,12024.0,9.55,9.6,9.6,9.5
2016-01-08,2211.0,9.42,9.57,9.57,9.42
2016-01-11,8209.0,9.43,9.55,9.55,9.43
2016-01-12,1.0,9.43,9.43,9.43,9.43
2016-01-13,3231.0,9.45,9.4851,9.4644,9.45
2016-01-14,8852.0,9.54,9.55,9.54,9.45
2016-01-15,5038.0,9.32,9.5001,9.5001,9.32
2016-01-19,253.0,9.4,9.4,9.4,9.4
2016-01-20,11078.0,9.28,9.31,9.31,9.2
2016-01-21,2889.0,9.2015,9.2799,9.2799,9.2015
2016-01-22,5392.0,9.21,9.26,9.2,9.2
2016-01-25,15062.0,9.2,9.29,9.2899,9.2
2016-01-26,7430.0,9.15,9.2,9.2,9.1499
2016-01-27,2880.0,9.15,9.15,9.15,9.1201
2016-01-28,16151.0,9.15,9.1999,9.12,9.12
2016-01-29,29808.0,9.14,9.25,9.15,9.14
2016-02-01,10105.0,9.2,9.24,9.15,9.15
2016-02-02,16056.0,9.17,9.23,9.23,9.15
2016-02-03,4980.0,9.22,9.2415,9.15,9.15
2016-02-04,18617.0,9.2,9.25,9.204,9.16
2016-02-05,15271.0,9.15,9.1899,9.1899,9.12
2016-02-08,4200.0,9.17,9.17,9.17,9.17
2016-02-09,1600.0,9.2,9.2,9.1732,9.1732
2016-02-10,10863.0,9.15,9.1574,9.15,9.121
2016-02-11,16659.0,9.01,9.13,9.13,9.01
2016-02-12,100.0,9.18,9.18,9.18,9.18
2016-02-16,8908.0,9.0952,9.145,9.1001,9.09
2016-02-17,5559.0,9.06,9.2,9.2,9.054
2016-02-18,3239.0,9.1,9.104,9.0516,9.0516
2016-02-19,12093.0,8.97,9.0601,9.0601,8.97
2016-02-22,13274.0,8.98,8.9999,8.97,8.97
2016-02-23,13127.0,8.9999,9.0,8.9801,8.9601
2016-02-24,3298.0,8.97,9.0,9.0,8.97
2016-02-25,1134.0,9.0,9.0,8.964,8.964
2016-02-26,87.0,9.0,9.0,9.0,9.0
2016-02-29,17254.0,8.847,9.05,9.05,8.847
2016-03-01,10273.0,8.97,9.0,8.97,8.97
2016-03-02,4544.0,9.0,9.02,9.0,9.0
2016-03-03,7879.0,9.0,9.18,9.18,9.0
2016-03-04,7785.0,8.97,9.01,9.0,8.97
2016-03-07,1295.0,8.99,9.0,8.99,8.98
2016-03-08,32234.0,8.97,9.0,9.0,8.93
2016-03-09,10600.0,9.0764,9.0764,8.96,8.96
2016-03-10,2153.0,9.008,9.0456,9.0456,9.008
2016-03-11,5358.0,9.03,9.05,9.0001,9.0
2016-03-14,40.0,9.03,9.03,9.03,9.03
2016-03-15,7003.0,9.0,9.05,9.05,9.0
2016-03-16,0.0,9.0,9.0,9.0,9.0
2016-03-17,6038.0,9.0,9.05,9.04,9.0
2016-03-18,3265.0,8.9033,9.0,9.0,8.838
2016-03-21,7836.0,8.99,9.01,9.01,8.99
2016-03-22,1120.0,9.01,9.02,9.0,8.9309
2016-03-23,9332.0,8.95,9.02,9.0198,8.95
2016-03-24,11050.0,8.95,9.04,9.0,8.95
2016-03-28,2781.0,9.01,9.08,9.08,9.0
2016-03-29,16297.0,9.06,9.09,9.0115,9.01
2016-03-30,15472.0,9.0,9.07,9.05,9.0
2016-03-31,5992.0,8.95,9.06,9.0003,8.95
2016-04-01,22528.0,8.95,9.18,9.0,8.8
2016-04-04,2059.0,9.0,9.0025,9.001,8.98
2016-04-05,12.0,9.0,9.0,9.0,9.0
2016-04-06,1174.0,9.0,9.0,8.9783,8.9783
2016-04-07,2554.0,9.0001,9.082,8.99,8.99
2016-04-08,2140.0,9.1001,9.26,9.251,9.1
2016-04-11,0.0,9.1001,9.1001,9.1001,9.1001
2016-04-12,2012.0,9.09,9.09,9.0799,9.0799
2016-04-13,8488.0,8.96,9.08,9.08,8.93
2016-04-14,2867.0,9.0,9.01,9.0,8.975
2016-04-15,3266.0,8.86,9.0001,9.0,8.86
2016-04-18,2125.0,8.9,8.97,8.93,8.9
2016-04-19,9076.0,9.0,9.01,9.0,8.995
2016-04-20,0.0,9.0,9.0,9.0,9.0
2016-04-21,294.0,9.0,9.0,9.0,9.0
2016-04-22,2762.0,9.05,9.07,9.07,9.05
2016-04-25,3200.0,9.01,9.05,9.05,8.98
2016-04-26,243.0,8.95,8.96,8.96,8.95
2016-04-27,42780.0,9.0601,9.0601,9.06,8.99
2016-04-28,15501.0,9.12,9.26,9.1,9.1
2016-04-29,149.0,9.16,9.16,9.16,9.16
2016-05-02,5510.0,9.13,9.24,9.14,9.1
2016-05-03,1900.0,9.24,9.24,9.1701,9.17
2016-05-04,241.0,9.24,9.24,9.15,9.15
2016-05-05,3528.0,9.16,9.16,9.16,9.1584
2016-05-06,3671.0,9.11,9.25,9.12,9.1
2016-05-09,4300.0,9.112,9.15,9.15,9.1
2016-05-10,2011.0,9.1,9.1,9.1,9.1
2016-05-11,4533.0,9.33,9.33,9.2,9.2
2016-05-12,1641.0,9.2,9.3,9.3,9.2
2016-05-13,0.0,9.2,9.2,9.2,9.2
2016-05-16,0.0,9.2,9.2,9.2,9.2
2016-05-17,3100.0,9.14,9.37,9.15,9.14
2016-05-18,4660.0,9.0301,9.15,9.15,9.03
2016-05-19,325.0,9.21,9.21,9.21,9.21
2016-05-20,207.0,9.11,9.11,9.11,9.11
2016-05-23,21949.0,9.075,9.45,9.12,9.03
2016-05-24,34566.0,9.21,9.375,9.12,9.12
2016-05-25,13448.0,9.35,9.35,9.3399,9.29
2016-05-26,57059.0,9.76,9.915,9.43,9.43
2016-05-27,1195.0,9.6201,9.76,9.75,9.6201
2016-05-31,16863.0,9.79,9.9799,9.62,9.61
2016-06-01,21206.0,9.6401,9.79,9.79,9.51
2016-06-02,2301.0,9.67,9.75,9.6,9.5901
2016-06-03,3860.0,9.65,9.7165,9.6501,9.65
2016-06-06,0.0,9.65,9.65,9.65,9.65
2016-06-07,3919.0,9.65,9.6542,9.6501,9.64
2016-06-08,632.0,9.65,9.6601,9.6601,9.65
2016-06-09,100.0,9.69,9.69,9.69,9.69
2016-06-10,10247.0,9.56,9.75,9.75,9.5
2016-06-13,4361.0,9.6,9.623,9.614,9.6
2016-06-14,7224.0,9.618,9.618,9.6,9.6
2016-06-15,5354.0,9.66,9.66,9.62,9.6
2016-06-16,5250.0,9.51,9.66,9.66,9.36
2016-06-17,92755.0,10.57,10.99,9.89,9.75
2016-06-20,30575.0,10.75,10.75,10.6,10.587
2016-06-21,30792.0,11.12,11.6,10.75,10.75
2016-06-22,14989.0,11.02,11.24,11.24,10.99
2016-06-23,16856.0,10.91,11.11,11.0001,10.91
2016-06-24,9896.0,11.0,11.02,11.01,10.98
2016-06-27,15075.0,10.6499,10.9001,10.8301,10.44
2016-06-28,5224.0,10.59,10.72,10.72,10.455
2016-06-29,7431.0,10.58,10.63,10.5,10.5
2016-06-30,5480.0,10.36,10.65,10.63,10.36
2016-07-01,15435.0,10.4,10.65,10.63,10.3845
2016-07-05,12469.0,10.56,10.5695,10.5,10.4091
2016-07-06,3416.0,10.5101,10.53,10.49,10.4601
2016-07-07,3400.0,10.5,10.555,10.52,10.5
2016-07-08,40354.0,10.63,10.63,10.42,10.3
2016-07-11,7538.0,10.61,10.65,10.61,10.51
2016-07-12,6219.0,10.5658,10.6399,10.6399,10.5658
2016-07-13,3.0,10.5658,10.5658,10.5658,10.5658
2016-07-14,1600.0,10.6399,10.6399,10.5654,10.5654
2016-07-15,5783.0,10.65,10.6718,10.51,10.5
2016-07-18,804.0,10.55,10.56,10.56,10.55
2016-07-19,1559.0,10.5,10.65,10.65,10.48
2016-07-20,2378.0,10.5,10.51,10.51,10.5
2016-07-21,1714.0,10.47,10.5,10.5,10.47
2016-07-22,3456.0,10.3308,10.34,10.34,10.25
2016-07-25,9194.0,10.3,10.3699,10.3001,10.25
2016-07-26,7008.0,10.2501,10.589,10.2999,10.25
2016-07-27,8258.0,10.06,10.27,10.27,10.06
2016-07-28,3313.0,10.1,10.11,10.07,10.06
2016-07-29,3687.0,10.11,10.15,10.1,10.1
2016-08-01,4751.0,10.21,10.5,10.27,10.11
2016-08-02,22041.0,9.99,10.1335,10.12,9.89
2016-08-03,15165.0,10.16,10.175,9.95,9.91
2016-08-04,17084.0,10.25,10.32,10.25,9.26
2016-08-05,19777.0,10.21,10.28,10.2,10.2
2016-08-08,9900.0,10.23,10.32,10.21,10.2
2016-08-09,3450.0,10.3,10.34,10.27,10.2501
2016-08-10,1230.0,10.27,10.3,10.3,10.25
2016-08-11,4388.0,10.265,10.3499,10.3,10.25
2016-08-12,254.0,10.3402,10.3402,10.3402,10.3402
2016-08-15,650.0,10.45,10.53,10.35,10.35
2016-08-16,4550.0,10.2501,10.46,10.36,10.2501
2016-08-17,4169.0,10.22,10.42,10.25,10.2001
2016-08-18,1215.0,10.22,10.22,10.22,10.22
2016-08-19,27657.0,10.1399,10.22,10.22,9.97
2016-08-22,13031.0,10.1,10.14,10.12,10.01
2016-08-23,200.0,10.1,10.1,10.1,10.1
2016-08-24,49632.0,10.42,10.57,10.12,10.05
2016-08-25,83679.0,10.34,10.78,10.57,10.175
2016-08-26,10.0,10.34,10.34,10.34,10.34
2016-08-29,2443.0,10.3701,10.38,10.3399,10.32
2016-08-30,130.0,10.4,10.4,10.4,10.4
2016-08-31,3105.0,10.16,10.58,10.41,10.16
2016-09-01,156558.0,10.72,11.32,10.25,10.1
2016-09-02,15852.0,10.43,10.58,10.41,10.2
2016-09-06,19031.0,10.96,11.11,10.54,10.48
2016-09-07,15983.0,10.91,11.0,10.9,10.56
2016-09-08,14999.0,10.98,10.9999,10.88,10.8525
2016-09-09,6248.0,10.9,11.04,11.04,10.8454
2016-09-12,9424.0,10.93,11.03,10.9364,10.72
2016-09-13,21583.0,10.99,11.0,10.98,10.72
2016-09-14,9391.0,10.91,10.98,10.98,10.75
2016-09-15,17266.0,10.815,10.95,10.71,10.6501
2016-09-16,114756.0,11.1,11.18,10.95,10.67
2016-09-19,13377.0,11.14,11.19,11.0,10.66
2016-09-20,1421.0,11.12,11.12,11.12,11.12
2016-09-21,31784.0,11.16,11.18,11.18,11.0943
2016-09-22,146.0,10.94,10.94,10.94,10.94
2016-09-23,211.0,10.93,10.93,10.93,10.93
2016-09-26,8555.0,11.13,11.17,11.0657,11.0
2016-09-27,15268.0,11.1,11.14,11.09,11.014
2016-09-28,13367.0,10.92,11.1,10.8858,10.83
2016-09-29,5167.0,10.93,10.94,10.88,10.795
2016-09-30,5858.0,11.18,11.18,10.96,10.95
2016-10-03,14472.0,10.92,10.95,10.95,10.89
2016-10-04,2168.0,11.1,11.15,10.98,10.98
2016-10-05,2518.0,11.1,11.1,11.07,11.07
2016-10-06,700.0,10.95,10.95,10.94,10.93
2016-10-07,4207.0,10.99,11.0,10.9707,10.81
2016-10-10,3425.0,11.0001,11.045,11.0,11.0
2016-10-11,2354.0,11.04,11.11,11.03,11.0
2016-10-12,700.0,10.946,11.0484,11.0484,10.946
2016-10-13,1080.0,10.92,10.96,10.86,10.85
2016-10-14,2862.0,10.84,10.8572,10.8572,10.82
2016-10-17,858.0,10.83,10.84,10.84,10.83
2016-10-18,3129.0,10.85,10.85,10.8,10.8
2016-10-19,41414.0,11.01,11.17,10.95,10.95
2016-10-20,101.0,11.01,11.01,11.01,11.01
2016-10-21,1035.0,10.91,10.91,10.8771,10.8771
2016-10-24,1055.0,10.96,10.9999,10.88,10.88
2016-10-25,122.0,10.82,10.82,10.82,10.82
2016-10-26,5302.0,10.9,10.9,10.85,10.85
2016-10-27,0.0,10.9,10.9,10.9,10.9
2016-10-28,405.0,10.8159,10.8159,10.8159,10.8159
2016-10-31,1192.0,10.8101,10.855,10.855,10.81
2016-11-01,1096.0,10.8899,10.8899,10.81,10.81
2016-11-02,266.0,10.8001,10.8001,10.8001,10.8001
2016-11-03,1885.0,10.842,10.842,10.8,10.8
2016-11-04,1333.0,10.9,10.9,10.9,10.9
2016-11-07,18446.0,11.1,11.2,11.0,11.0
2016-11-08,2213.0,11.14,11.14,11.09,11.07
2016-11-09,9893.0,11.1,11.149,11.0824,11.0824
2016-11-10,11825.0,11.1,11.19,11.12,11.1
2016-11-11,13317.0,11.15,11.16,11.09,11.09
2016-11-14,30164.0,11.125,11.2,11.2,11.1
2016-11-15,11368.0,11.34,11.405,11.1,11.1
2016-11-16,468.0,11.1578,11.3169,11.3169,11.1578
2016-11-17,635.0,11.17,11.3399,11.3399,11.141
2016-11-18,1483.0,11.25,11.33,11.3299,11.1501
2016-11-21,2405.0,11.23,11.33,11.33,11.15
2016-11-22,1466.0,11.25,11.33,11.33,11.2164
2016-11-23,5623.0,11.324,11.34,11.3201,11.32
2016-11-25,875.0,11.34,11.34,11.34,11.32
2016-11-28,7582.0,11.33,11.34,11.34,11.32
2016-11-29,8.0,11.33,11.33,11.33,11.33
2016-11-30,6110.0,11.358,11.4,11.3299,11.3299
2016-12-01,67308.0,11.3,11.4,11.3999,11.17
2016-12-02,89028.0,11.32,11.49,11.36,11.19
2016-12-05,14778.0,11.48,11.49,11.3634,11.28
2016-12-06,4038.0,11.41,11.45,11.45,11.41
2016-12-07,25400.0,11.48,11.49,11.4,11.4
2016-12-08,74516.0,11.69,12.55,11.45,11.4
2016-12-09,9960.0,11.65,11.78,11.7398,11.63
2016-12-12,59535.0,11.7028,11.75,11.72,11.62
2016-12-13,208750.0,12.143,12.2961,11.77,11.75
2016-12-14,91170.0,12.1002,12.3,12.12,12.0
2016-12-15,9704.0,12.33,12.35,12.17,12.17
2016-12-16,23588.0,12.34,12.36,12.22,12.22
2016-12-19,660.0,12.34,12.34,12.3277,12.3277
2016-12-20,5394.0,12.4,12.4099,12.4099,12.21
2016-12-21,1949.0,12.45,12.45,12.15,12.15
2016-12-22,8590.0,12.36,12.45,12.25,12.25
2016-12-23,1539.0,12.38,12.3828,12.25,12.25
2016-12-27,4341.0,12.2,12.44,12.43,12.2
2016-12-28,3363.0,12.38,12.3807,12.3807,12.21
2016-12-29,1090.0,12.3268,12.3268,12.26,12.26
2016-12-30,20102.0,12.43,12.44,12.3,12.2025
2017-01-03,49001.0,12.32,12.45,12.44,12.26
2017-01-04,9677.0,12.3,12.3785,12.3,12.25
2017-01-05,1906.0,12.45,12.45,12.3058,12.25
2017-01-06,11509.0,12.35,12.36,12.36,12.3235
2017-01-09,1141.0,12.4,12.43,12.43,12.4
2017-01-10,24631.0,12.54,12.55,12.41,12.38
2017-01-11,20737.0,12.54,12.5892,12.54,12.31
2017-01-12,2036.0,12.4525,12.5,12.5,12.4525
2017-01-13,1457.0,12.325,12.325,12.325,12.325
2017-01-17,29614.0,12.39,12.39,12.32,12.2
2017-01-18,100.0,12.31,12.31,12.31,12.31
2017-01-19,16750.0,12.5004,12.5004,12.39,12.36
2017-01-20,7582.0,12.61,12.61,12.47,12.47
2017-01-23,11348.0,12.55,12.55,12.51,12.5
2017-01-24,15800.0,12.59,12.6,12.549,12.549
2017-01-25,5480.0,12.61,12.61,12.6,12.6
2017-01-26,5338.0,12.65,12.65,12.6204,12.6
2017-01-27,659.0,12.5555,12.59,12.59,12.5555
2017-01-30,1487.0,12.31,12.34,12.34,12.305
2017-01-31,2112.0,12.46,12.59,12.06,12.05
2017-02-01,6179.0,12.215,12.55,12.51,12.17
2017-02-02,476.0,12.52,12.52,12.3,12.3
2017-02-03,1350.0,12.34,12.47,12.31,12.31
2017-02-06,55199.0,12.6053,12.65,12.46,12.4
2017-02-07,1009.0,12.475,12.58,12.58,12.45
2017-02-08,10452.0,12.6572,12.75,12.59,12.575
2017-02-09,1431.0,12.77,12.77,12.6,12.49
2017-02-10,3167.0,12.6,12.73,12.65,12.6
2017-02-13,3589.0,12.7,12.8484,12.8484,12.67
2017-02-14,7508.0,12.8144,12.85,12.75,12.55
2017-02-15,1859.0,12.7125,12.91,12.89,12.61
2017-02-16,17825.0,12.57,12.76,12.7019,12.54
2017-02-17,556.0,12.5846,12.5988,12.5988,12.5846
2017-02-21,3000.0,12.64,12.6834,12.58,12.58
2017-02-22,5865.0,12.5701,12.7,12.6713,12.56
2017-02-23,3453.0,12.65,12.7,12.66,12.61
2017-02-24,8809.0,12.69,12.7,12.65,12.6
2017-02-27,10401.0,12.7,12.74,12.69,12.69
2017-02-28,3027.0,12.61,12.75,12.74,12.61
2017-03-01,10033.0,12.747,12.95,12.68,12.65
2017-03-02,1527.0,12.669,12.669,12.669,12.669
2017-03-03,3659.0,12.7,12.8108,12.688,12.64
2017-03-06,703.0,12.745,12.745,12.6644,12.6644
2017-03-07,25225.0,12.7,12.79,12.79,12.6001
2017-03-08,3412.0,12.72,12.83,12.83,12.6942
2017-03-09,3774.0,12.71,12.76,12.76,12.701
2017-03-10,6090.0,12.81,12.94,12.82,12.7
2017-03-13,12396.0,12.7,13.0,12.875,12.7
2017-03-14,8827.0,12.75,12.8999,12.7137,12.685
2017-03-15,3656.0,12.8,12.9399,12.93,12.75
2017-03-16,1904.0,12.9199,12.9199,12.91,12.9
2017-03-17,2875.0,12.97,12.97,12.9699,12.9699
2017-03-20,64830.0,13.7,13.7,13.0,13.0
2017-03-21,108449.0,13.7801,14.05,13.7,13.55
2017-03-22,44046.0,13.85,13.89,13.85,13.76
2017-03-23,47987.0,13.92,14.02,13.75,13.75
2017-03-24,11233.0,13.85,13.94,13.85,13.8
2017-03-27,3955.0,13.8,13.82,13.8,13.71
2017-03-28,32249.0,13.71,13.89,13.79,13.71
2017-03-29,32865.0,13.53,13.89,13.62,13.35
2017-03-30,3552.0,13.88,13.88,13.63,13.62
2017-03-31,10094.0,13.85,13.86,13.84,13.81
2017-04-03,8384.0,13.89,13.9,13.82,13.82
2017-04-04,16512.0,13.86,14.05,13.95,13.86
2017-04-05,3893.0,13.96,13.98,13.86,13.8
2017-04-06,13204.0,14.09,14.1,13.87,13.61
2017-04-07,2390.0,13.92,14.0351,13.86,13.86
2017-04-10,57507.0,14.0242,14.1,13.95,13.95
2017-04-11,4018.0,14.01,14.1,13.95,13.93
2017-04-12,12974.0,14.15,14.15,14.01,14.01
2017-04-13,4046.0,14.13,14.13,14.1,13.9953
2017-04-17,4683.0,14.12,14.12,14.1,14.04
2017-04-18,35597.0,13.9,14.1,14.09,13.85
2017-04-19,557.0,13.9925,14.0,13.98,13.98
2017-04-20,7838.0,14.1,14.1,13.96,13.96
2017-04-21,3303.0,14.15,14.15,14.1,14.08
2017-04-24,12965.0,14.2,14.29,14.1,14.1
2017-04-25,4853.0,14.26,14.29,14.1012,14.1
2017-04-26,11710.0,14.2975,14.34,14.3,14.19
2017-04-27,1312.0,14.21,14.34,14.079,14.079
2017-04-28,34.0,14.21,14.21,14.21,14.21
2017-05-01,9241.0,14.15,14.22,14.22,14.12
2017-05-02,3832.0,13.93,14.12,14.1,13.93
2017-05-03,830.0,14.01,14.01,13.95,13.95
2017-05-04,34134.0,14.01,14.3,14.02,13.99
2017-05-05,4712.0,14.1,14.1889,14.0,14.0
2017-05-08,6704.0,14.12,14.2099,14.11,14.05
2017-05-09,41457.0,14.11,14.22,14.15,14.11
2017-05-10,2.0,14.11,14.11,14.11,14.11
2017-05-11,7853.0,14.33,14.33,14.21,14.12
2017-05-12,2056.0,14.16,14.235,14.235,14.14
2017-05-15,2979.0,14.1,14.22,14.16,14.1
2017-05-16,4242.0,14.32,14.34,14.34,14.11
2017-05-17,1398.0,14.1,14.34,14.34,14.1
2017-05-18,1401.0,14.15,14.15,14.11,14.1
2017-05-19,1668.0,14.1,14.1788,14.1788,14.1
2017-05-22,8889.0,14.1,14.34,14.34,14.1
2017-05-23,6080.0,13.89,14.144,14.1,13.89
2017-05-24,11408.0,13.74,13.91,13.9,13.25
2017-05-25,1966.0,13.65,13.65,13.5136,13.5136
2017-05-26,1279.0,13.66,13.76,13.76,13.645
2017-05-30,887.0,13.61,13.66,13.66,13.6
2017-05-31,9606.0,14.08,14.29,13.68,13.495
2017-06-01,4674.0,13.76,14.06,14.02,13.76
2017-06-02,15.0,13.76,13.76,13.76,13.76
2017-06-05,2802.0,13.85,13.9,13.9,13.85
2017-06-06,1020.0,13.6,13.63,13.6,13.6
2017-06-07,334.0,13.66,13.66,13.66,13.66
2017-06-08,104.0,13.72,13.72,13.72,13.72
2017-06-09,722.0,13.9,13.9,13.9,13.9
2017-06-12,209.0,13.62,13.62,13.62,13.62
2017-06-13,12376.0,14.03,14.08,13.8014,13.7005
2017-06-14,6429.0,14.12,14.25,14.0,14.0
2017-06-15,14977.0,14.0,14.0,14.0,13.6496
2017-06-16,18899.0,13.47,13.75,13.7,13.4
2017-06-19,22511.0,13.9576,14.0997,13.9,13.85
2017-06-20,5540.0,13.94,14.0499,13.86,13.775
2017-06-21,15755.0,14.01,14.04,13.78,13.78
2017-06-22,16414.0,13.97,14.04,13.85,12.73
2017-06-23,7537.0,14.0,14.0,13.96,13.9139
2017-06-26,7740.0,13.5,13.98,13.97,13.5
2017-06-27,221.0,13.56,13.56,13.56,13.56
2017-06-28,15982.0,14.0,14.0,13.7,13.61
2017-06-29,83628.0,13.98,14.0,14.0,13.55
2017-06-30,43.0,13.98,13.98,13.98,13.98
2017-07-03,2196.0,13.9992,13.9999,13.9999,13.95
2017-07-05,27189.0,14.14,14.25,14.0,13.85
2017-07-06,5340.0,13.84,14.0,13.999,13.84
2017-07-07,5952.0,13.98,14.07,13.98,13.97
2017-07-10,11805.0,14.04,14.05,14.0,14.0
2017-07-11,177.0,13.76,13.76,13.76,13.76
2017-07-12,5845.0,14.22,14.43,13.79,13.79
2017-07-13,8518.0,14.02,14.08,13.78,13.78
2017-07-14,4300.0,14.07,14.09,14.07,14.02
2017-07-17,17295.0,14.08,14.08,13.9,13.9
2017-07-18,4051.0,13.91,14.1,13.8101,13.8101
2017-07-19,33.0,13.91,13.91,13.91,13.91
2017-07-20,848.0,13.87,14.05,14.005,13.87
2017-07-21,89.0,13.87,13.87,13.87,13.87
2017-07-24,5526.0,14.1,14.18,14.15,13.84
2017-07-25,8040.0,14.0,14.1,14.0,13.83
2017-07-26,6006.0,14.1697,14.17,13.99,13.99
2017-07-27,2099.0,14.0,14.18,14.16,14.0
2017-07-28,23.0,14.0,14.0,14.0,14.0
2017-07-31,2851.0,14.0,14.2,14.2,13.83
2017-08-01,1306.0,14.0,14.05,14.03,14.0
2017-08-02,741.0,14.27,14.27,14.07,14.07
2017-08-03,3253.0,14.0008,14.3,14.3,13.84
2017-08-04,5108.0,14.0,14.03,14.03,13.98
2017-08-07,2527.0,14.05,14.09,14.09,13.963
2017-08-08,715.0,14.05,14.205,14.1,14.05
2017-08-09,9453.0,14.05,14.25,14.05,13.955
2017-08-10,4564.0,14.05,14.0942,14.06,14.0358
2017-08-11,21548.0,14.05,14.0633,14.05,14.0
2017-08-14,215.0,14.1,14.1,14.1,14.1
2017-08-15,2800.0,14.0,14.0,13.887,13.8029
2017-08-16,5065.0,14.0,14.0,13.96,13.9
2017-08-17,1042.0,13.92,13.97,13.97,13.92
2017-08-18,8884.0,13.9,13.9,13.85,13.411
2017-08-21,181.0,13.84,13.84,13.84,13.84
2017-08-22,2003.0,13.6996,13.7,13.7,13.6996
2017-08-23,5569.0,13.9097,13.9097,13.7,13.7
2017-08-24,11223.0,13.76,13.9299,13.91,13.62
2017-08-25,1420.0,13.7,13.79,13.79,13.5
2017-08-28,1352.0,13.55,13.86,13.86,13.55
2017-08-29,23430.0,13.56,13.739,13.67,13.56
2017-08-30,2720.0,13.6001,13.73,13.73,13.6001
2017-08-31,1338.0,13.6,13.74,13.6188,13.6
2017-09-01,1924.0,13.6948,13.73,13.7,13.6948
2017-09-05,3664.0,13.61,13.7,13.7,13.61
2017-09-06,4574.0,13.6,13.675,13.64,13.588
2017-09-07,5207.0,13.58,13.69,13.6,13.55
2017-09-08,5016.0,13.48,13.68,13.51,13.48
2017-09-11,12718.0,13.6,13.67,13.56,13.5001
2017-09-12,2596.0,13.59,13.6,13.6,13.5001
2017-09-13,2181.0,13.59,13.6,13.49,13.49
2017-09-14,1233.0,13.51,13.6,13.59,13.51
2017-09-15,6057.0,13.03,13.59,13.51,13.03
2017-09-18,14702.0,13.44,13.46,13.25,13.24
2017-09-19,2627.0,13.24,13.4579,13.4579,13.2
2017-09-20,770.0,13.2961,13.2961,13.17,13.17
2017-09-21,362.0,13.39,13.39,13.39,13.39
2017-09-22,27544.0,13.7,13.7,13.25,13.21
2017-09-25,20531.0,13.58,13.69,13.45,13.42
2017-09-26,3104.0,13.7,13.7,13.6,13.6
2017-09-27,31058.0,13.6,14.05,13.97,13.6
2017-09-28,261.0,13.6579,13.6579,13.6579,13.6579
2017-09-29,90264.0,13.95,13.99,13.4,13.4
2017-10-02,4102.0,14.0,14.09,13.77,13.77
2017-10-03,9974.0,14.1,14.14,14.0,14.0
2017-10-04,2168.0,13.94,14.15,14.1499,13.9
2017-10-05,28670.0,13.8,14.0,13.56,13.4998
2017-10-06,35252.0,13.9999,14.0,13.8,13.58
2017-10-09,1716.0,14.0,14.0,14.0,14.0
2017-10-10,2190.0,13.87,13.9999,13.85,13.85
2017-10-11,2191.0,13.9,13.99,13.85,13.85
2017-10-12,5008.0,13.71,13.95,13.65,13.65
2017-10-13,4972.0,13.875,13.99,13.9229,13.7384
2017-10-16,1304.0,13.7421,13.8,13.8,13.7184
2017-10-17,1588.0,13.67,13.7211,13.68,13.67
2017-10-18,1173.0,13.66,13.66,13.66,13.66
2017-10-19,10104.0,13.76,13.79,13.79,13.52
2017-10-20,1022.0,13.65,13.65,13.65,13.65
2017-10-23,8801.0,13.69,13.82,13.82,13.5
2017-10-24,4110.0,13.66,13.75,13.74,13.66
2017-10-25,72.0,13.66,13.66,13.66,13.66
2017-10-26,110.0,13.66,13.66,13.66,13.66
2017-10-27,84.0,13.66,13.66,13.66,13.66
2017-10-30,1724.0,13.425,13.53,13.52,13.425
2017-10-31,2312.0,13.6,13.8207,13.8207,13.52
2017-11-01,2928.0,13.85,13.85,13.65,13.65
2017-11-02,1525.0,13.86,13.86,13.85,13.85
2017-11-03,15045.0,14.0,14.211,13.93,13.86
2017-11-06,3188.0,14.0,14.1067,14.1,14.0
2017-11-07,407.0,14.062,14.09,14.0,14.0
2017-11-08,232.0,14.0476,14.0476,14.0476,14.0476
2017-11-09,125.0,14.0476,14.0476,14.0476,14.0476
2017-11-10,17470.0,13.21,14.2,14.2,13.08
2017-11-13,4503.0,13.36,13.37,13.3301,13.3201
2017-11-14,723.0,13.413,13.413,13.41,13.41
2017-11-15,3950.0,13.5,13.595,13.35,13.35
2017-11-16,1.0,13.5,13.5,13.5,13.5
2017-11-17,836.0,13.4689,13.5907,13.49,13.4689
2017-11-20,240.0,13.59,13.59,13.3601,13.3601
2017-11-21,7872.0,13.4,13.53,13.4806,13.35
2017-11-22,698.0,13.4,13.66,13.4001,13.4
2017-11-24,208.0,13.75,13.75,13.75,13.75
2017-11-27,21869.0,13.48,13.72,13.72,13.3565
2017-11-28,19750.0,13.61,13.7,13.56,13.44
2017-11-29,39.0,13.61,13.61,13.61,13.61
2017-11-30,1252.0,13.72,14.05,14.05,13.7001
2017-12-01,983.0,13.76,13.76,13.75,13.71
2017-12-04,11973.0,13.57,13.7,13.35,13.35
2017-12-05,6811.0,13.62,13.84,13.5824,13.54
2017-12-06,3595.0,13.75,13.8,13.74,13.55
2017-12-07,3026.0,13.79,13.79,13.7,13.7
2017-12-08,14651.0,13.7,14.0,13.6336,13.42
2017-12-11,7312.0,13.44,13.7,13.31,13.31
2017-12-12,696.0,13.5,13.56,13.56,13.5
2017-12-13,5053.0,13.32,13.71,13.41,13.32
2017-12-14,1599.0,13.33,13.6,13.6,13.33
2017-12-15,1279.0,13.56,13.56,13.56,13.56
2017-12-18,2613.0,13.31,13.649,13.649,13.31
2017-12-19,656.0,13.31,13.31,13.31,13.31
2017-12-20,31457.0,13.25,13.65,13.436,13.21
2017-12-21,11814.0,13.585,13.585,13.36,13.3
2017-12-22,1140.0,13.63,13.63,13.46,13.46
2017-12-26,11664.0,13.412,13.6,13.6,13.235
2017-12-27,9609.0,13.58,13.58,13.4801,13.2603
2017-12-28,1540.0,13.57,13.57,13.47,13.47
2017-12-29,1567.0,13.5001,13.57,13.56,13.4501
2018-01-02,21626.0,13.35,13.58,13.48,13.31
2018-01-03,6036.0,13.335,13.35,13.33,13.31
2018-01-04,11323.0,13.24,13.32,13.32,13.0
2018-01-05,2017.0,13.39,13.39,13.39,13.36
2018-01-08,3977.0,13.47,13.47,13.38,13.38
2018-01-09,102.0,13.5,13.5,13.5,13.5
2018-01-10,10011.0,13.6,13.61,13.59,13.59
2018-01-11,21693.0,13.68,13.69,13.25,13.17
2018-01-12,11201.0,13.4584,13.7,13.64,13.246
2018-01-16,1567.0,13.65,13.65,13.63,13.52
2018-01-17,5630.0,13.6,13.6,13.37,13.37
2018-01-18,2910.0,13.64,13.65,13.6,13.5924
2018-01-19,14524.0,13.73,13.77,13.64,13.435
2018-01-22,47.0,13.73,13.73,13.73,13.73
2018-01-23,11270.0,13.5,13.5,13.48,13.4501
2018-01-24,5056.0,13.43,13.5,13.5,13.37
2018-01-25,1706.0,13.21,13.23,13.23,13.21
2018-01-26,3836.0,13.15,13.21,13.21,13.1
2018-01-29,9976.0,13.44,13.44,13.361,13.225
2018-01-30,8762.0,13.6,13.75,13.38,13.3266
2018-01-31,12646.0,13.55,13.7,13.7,13.55
2018-02-01,31341.0,13.95,13.9799,13.7599,13.74
2018-02-02,52120.0,13.855,14.0,13.95,13.8
2018-02-05,4187.0,13.711,13.75,13.723,13.698
2018-02-06,30307.0,13.88,13.909,13.8,13.75
2018-02-07,54994.0,13.815,14.07,14.07,13.571
2018-02-08,41105.0,13.77,13.825,13.66,13.65
2018-02-09,4361.0,13.71,13.85,13.8363,13.67
2018-02-12,9848.0,13.7,13.75,13.6628,13.61
2018-02-13,41488.0,13.7,13.7,13.7,13.6396
2018-02-14,364.0,13.7276,13.7276,13.7276,13.7276
2018-02-15,74323.0,13.89,13.89,13.62,13.5
2018-02-16,4884.0,13.82,13.82,13.7482,13.59
2018-02-20,3162.0,13.82,13.8798,13.8101,13.8
2018-02-21,7069.0,13.85,13.857,13.8537,13.8153
2018-02-22,23636.0,13.85,13.86,13.85,13.82
2018-02-23,5915.0,13.92,13.92,13.81,13.81
2018-02-26,15201.0,14.0,14.06,13.99,13.931
2018-02-27,7235.0,13.959,13.959,13.92,13.91
2018-02-28,13436.0,13.9,13.97,13.97,13.89
2018-03-01,9392.0,13.899,13.9,13.7646,13.7
2018-03-02,15265.0,13.99,14.04,13.9,13.88
2018-03-05,62952.0,13.99,14.03,13.9,13.9
2018-03-06,16894.0,13.95,13.99,13.99,13.9
2018-03-07,6308.0,13.98,14.0098,13.95,13.95
2018-03-08,31464.0,13.98,14.04,14.03,13.94
2018-03-09,2599.0,14.05,14.075,13.98,13.98
2018-03-12,16413.0,14.0,14.09,14.0149,13.97
2018-03-13,7201.0,14.01,14.05,14.0,14.0
2018-03-14,8092.0,14.04,14.05,14.05,14.0071
2018-03-15,4890.0,14.0,14.01,14.01,13.98
2018-03-16,7114.0,14.05,14.05,14.0,14.0
2018-03-19,10541.0,14.08,14.08,14.05,14.0414
2018-03-20,1342.0,14.08,14.08,14.04,14.03
2018-03-21,12187.0,14.04,14.08,14.05,14.0
2018-03-22,6876.0,14.06,14.06,14.0398,13.9
2018-03-23,4199.0,13.99,14.0,14.0,13.95
2018-03-26,4690.0,14.1,14.1,14.04,14.04
2018-03-27,9479.0,14.0,14.0,14.0,13.9
2018-03-28,545.0,14.0341,14.0341,13.951,13.95
2018-03-29,4108.0,14.0137,14.0137,13.94,13.94
2018-04-02,5979.0,13.94,13.9801,13.98,13.92
2018-04-03,7139.0,13.96,14.01,13.9802,13.95
2018-04-04,3798.0,13.9528,14.07,13.84,13.8201
2018-04-05,91.0,13.9528,13.9528,13.9528,13.9528
2018-04-06,309.0,13.975,14.05,14.05,13.975
2018-04-09,1954.0,14.0,14.0,13.9795,13.96
2018-04-10,100.0,13.88,13.88,13.88,13.88
2018-04-11,111.0,13.8777,13.8777,13.8777,13.8777
2018-04-12,1411.0,14.04,14.07,14.07,14.04
2018-04-13,868.0,13.87,13.87,13.87,13.87
2018-04-16,2096.0,13.9078,13.9078,13.87,13.87
2018-04-17,369.0,13.9553,13.9553,13.95,13.95
2018-04-18,2480.0,13.96,14.07,13.968,13.9501
2018-04-19,196.0,13.96,13.96,13.96,13.96
2018-04-20,428.0,13.9713,13.98,13.98,13.9713
2018-04-23,1414.0,14.08,14.08,13.98,13.96
2018-04-24,2340.0,13.9,14.0075,14.0075,13.9
2018-04-25,804.0,14.0463,14.0463,14.0,14.0
2018-04-26,11412.0,14.01,14.1,14.0,13.99
2018-04-27,3680.0,14.0,14.06,14.06,14.0
2018-04-30,41863.0,13.71,14.02,13.83,13.5
2018-05-01,8059.0,13.78,13.83,13.75,13.4001
2018-05-02,2354.0,13.8,13.8,13.68,13.68
2018-05-03,1789.0,13.88,13.88,13.8,13.77
2018-05-04,3653.0,14.09,14.14,13.89,13.89
2018-05-07,2103.0,13.94,13.94,13.86,13.85
2018-05-08,2366.0,14.06,14.14,13.88,13.88
2018-05-09,181.0,14.06,14.06,14.06,14.06
2018-05-10,854.0,13.99,13.99,13.8916,13.8916
2018-05-11,31.0,13.99,13.99,13.99,13.99
2018-05-14,223.0,13.8725,13.8725,13.8725,13.8725
2018-05-15,3907.0,13.9,13.9332,13.9,13.85
2018-05-16,1341.0,13.91,14.0,13.9288,13.91
2018-05-17,4109.0,14.15,14.15,13.9806,13.92
2018-05-18,5282.0,14.14,14.14,14.0,13.9444
2018-05-21,100.0,14.14,14.14,14.14,14.14
2018-05-22,0.0,14.14,14.14,14.14,14.14
2018-05-23,4711.0,14.09,14.09,13.93,13.9
2018-05-24,934.0,14.0,14.1,14.1,14.0
2018-05-25,775.0,13.93,14.08,14.08,13.93
2018-05-29,483.0,13.93,13.94,13.94,13.9218
2018-05-30,681.0,13.86,13.86,13.86,13.86
2018-05-31,85.0,13.86,13.86,13.86,13.86
2018-06-01,6033.0,13.98,13.99,13.9016,13.9
2018-06-04,6911.0,13.54,13.95,13.95,13.54
2018-06-05,0.0,13.54,13.54,13.54,13.54
2018-06-06,4630.0,13.54,13.94,13.51,13.51
2018-06-07,1124.0,13.69,13.7,13.6055,13.6055
2018-06-08,1630.0,13.51,13.67,13.67,13.51
