date,5. volume,4. close,2. high,1. open,3. low
2000-08-11,25360000.0,13.12,14.0,12.75,12.0
2000-08-14,2566400.0,12.0,13.12,13.09,12.0
2000-08-15,1548800.0,12.12,12.38,12.16,12.0
2000-08-16,1347200.0,12.38,13.06,12.06,12.06
2000-08-17,1510400.0,12.0,12.5,12.25,11.94
2000-08-18,1932800.0,14.31,14.38,12.53,12.38
2000-08-21,2128000.0,15.19,16.25,15.06,13.94
2000-08-22,1081600.0,13.5,15.69,15.38,13.5
2000-08-23,572800.0,13.0,13.75,13.56,12.75
2000-08-24,588800.0,12.06,13.06,12.94,12.06
2000-08-25,643200.0,12.88,12.94,12.56,12.12
2000-08-28,620800.0,13.12,13.55,13.41,12.5
2000-08-29,726400.0,13.38,13.5,13.44,12.62
2000-08-30,633600.0,14.19,14.69,13.34,13.25
2000-08-31,2793600.0,16.19,16.5,15.06,14.88
2000-09-01,886400.0,15.75,16.25,16.12,15.0
2000-09-05,736000.0,15.56,16.25,15.81,15.5
2000-09-06,656000.0,15.5,16.25,16.12,15.25
2000-09-07,764800.0,14.38,16.0,16.0,13.38
2000-09-08,508800.0,14.0,14.5,14.27,13.75
2000-09-11,1104000.0,13.88,14.0,13.81,13.5
2000-09-12,1081600.0,13.0,13.81,13.59,12.88
2000-09-13,329600.0,12.5,13.12,12.75,12.38
2000-09-14,259200.0,12.69,13.88,13.88,12.5
2000-09-15,115200.0,12.56,13.0,12.56,12.5
2000-09-18,595200.0,12.06,13.25,13.12,11.94
2000-09-19,1536000.0,11.25,13.12,13.09,10.75
2000-09-20,771200.0,10.38,11.56,11.5,9.75
2000-09-21,806400.0,10.62,10.75,10.31,10.19
2000-09-22,268800.0,10.56,10.81,9.59,9.44
2000-09-25,672000.0,9.44,10.81,10.62,9.38
2000-09-26,627200.0,9.25,9.94,9.88,9.0
2000-09-27,534400.0,9.34,9.44,9.41,8.62
2000-09-28,704000.0,10.0,10.75,9.25,9.12
2000-09-29,611200.0,8.88,10.12,10.09,8.72
2000-10-02,217600.0,8.5,9.41,9.38,8.38
2000-10-03,323200.0,7.94,8.88,8.59,7.75
2000-10-04,467200.0,7.12,8.06,8.0,6.75
2000-10-05,483200.0,6.56,8.12,6.94,6.5
2000-10-06,364800.0,6.09,7.0,6.95,5.94
2000-10-09,339200.0,6.19,6.69,6.56,5.78
2000-10-10,422400.0,5.69,6.38,6.31,5.5
2000-10-11,1356800.0,4.12,5.75,5.25,4.06
2000-10-12,1190400.0,5.19,5.25,5.09,4.5
2000-10-13,1369600.0,7.56,7.88,5.69,5.53
2000-10-16,1232000.0,8.12,8.19,8.12,7.38
2000-10-17,352000.0,7.81,8.56,8.5,7.62
2000-10-18,617600.0,8.06,8.38,7.75,5.94
2000-10-19,828800.0,6.91,9.31,8.5,6.75
2000-10-20,694400.0,7.31,7.5,7.5,7.0
2000-10-23,569600.0,8.25,8.41,7.38,7.12
2000-10-24,630400.0,8.44,8.5,8.3,8.12
2000-10-25,422400.0,8.5,8.5,8.36,7.88
2000-10-26,278400.0,9.06,9.62,8.47,8.44
2000-10-27,105600.0,9.0,9.12,9.11,8.62
2000-10-30,243200.0,8.94,9.38,8.94,8.62
2000-10-31,332800.0,9.75,10.25,9.12,8.75
2000-11-01,368000.0,9.75,10.5,9.73,9.56
2000-11-02,249600.0,9.25,9.88,9.73,8.88
2000-11-03,246400.0,9.12,9.44,8.97,8.97
2000-11-06,310400.0,8.88,9.38,9.25,8.69
2000-11-07,211200.0,8.88,9.0,9.0,8.75
2000-11-08,668800.0,8.06,8.88,8.88,7.53
2000-11-09,403200.0,7.91,8.0,7.5,7.5
2000-11-10,579200.0,7.44,7.75,7.64,7.44
2000-11-13,438400.0,7.06,7.06,6.94,6.81
2000-11-14,502400.0,6.62,7.31,7.03,6.5
2000-11-15,652800.0,6.31,6.94,6.88,6.31
2000-11-16,124800.0,6.34,6.62,6.52,6.25
2000-11-17,451200.0,6.62,6.88,6.84,6.38
2000-11-20,172800.0,6.31,6.56,6.53,6.31
2000-11-21,262400.0,6.19,6.5,6.34,6.19
2000-11-22,364800.0,6.0,6.25,6.25,6.0
2000-11-24,57600.0,6.03,6.12,6.08,6.0
2000-11-27,166400.0,6.0,6.62,6.38,5.94
2000-11-28,124800.0,5.44,6.12,6.12,5.38
2000-11-29,544000.0,4.88,5.56,5.44,4.5
2000-11-30,339200.0,4.38,4.84,4.75,4.25
2000-12-01,217600.0,4.81,5.06,4.38,4.34
2000-12-04,76800.0,4.94,5.12,4.84,4.84
2000-12-05,150400.0,5.06,5.19,5.08,4.88
2000-12-06,163200.0,4.81,5.06,5.03,4.56
2000-12-07,435200.0,4.5,5.19,4.78,4.5
2000-12-08,182400.0,5.5,6.0,4.75,4.75
2000-12-11,80000.0,5.5,5.81,5.53,5.5
2000-12-12,320000.0,6.62,7.31,5.67,5.5
2000-12-13,211200.0,7.06,7.62,7.36,6.88
2000-12-14,156800.0,7.0,7.31,7.3,6.81
2000-12-15,80000.0,6.69,7.05,6.95,6.69
2000-12-18,99200.0,5.84,7.12,7.09,5.62
2000-12-19,160000.0,5.56,5.94,5.41,5.12
2000-12-20,262400.0,4.88,5.58,5.5,4.69
2000-12-21,534400.0,4.06,4.62,4.5,3.94
2000-12-22,451200.0,4.0,4.62,4.58,4.0
2000-12-26,348800.0,3.94,4.44,4.06,3.81
2000-12-27,220800.0,3.81,4.0,3.94,3.5
2000-12-28,985600.0,3.5,3.81,3.75,3.25
2000-12-29,534400.0,4.38,4.75,3.47,3.44
2001-01-02,432000.0,3.563,4.438,4.422,3.375
2001-01-03,835200.0,3.625,4.5,3.438,3.25
2001-01-04,310400.0,3.625,4.188,3.922,3.5
2001-01-05,160000.0,4.0,4.063,3.75,3.563
2001-01-08,166400.0,3.938,4.063,4.0,3.75
2001-01-09,73600.0,3.719,4.0,4.0,3.563
2001-01-10,179200.0,3.813,3.875,3.781,3.563
2001-01-11,246400.0,3.875,4.063,3.813,3.594
2001-01-12,547200.0,4.625,4.625,3.922,3.922
2001-01-16,204800.0,5.0,5.25,4.75,4.5
2001-01-17,220800.0,5.625,6.0,5.25,5.188
2001-01-18,217600.0,5.813,6.125,5.922,5.75
2001-01-19,291200.0,5.875,6.063,5.875,5.75
2001-01-22,268800.0,6.0,6.25,6.0,5.75
2001-01-23,134400.0,6.375,6.5,6.016,5.938
2001-01-24,419200.0,7.0,7.5,6.766,6.313
2001-01-25,182400.0,6.5,7.0,6.938,6.5
2001-01-26,249600.0,6.0,6.125,5.938,5.5
2001-01-29,89600.0,6.063,6.375,6.156,6.0
2001-01-30,80000.0,5.938,6.188,6.188,5.875
2001-01-31,262400.0,5.938,6.25,6.047,5.75
2001-02-01,48000.0,6.0,6.188,5.938,5.906
2001-02-02,38400.0,6.0,6.063,6.0,5.875
2001-02-05,70400.0,5.375,5.969,5.969,5.375
2001-02-06,102400.0,5.281,5.406,5.0,4.875
2001-02-07,131200.0,6.125,6.125,5.281,5.188
2001-02-08,489600.0,6.5,7.0,6.563,6.25
2001-02-09,137600.0,6.188,6.75,6.75,5.813
2001-02-12,73600.0,6.0,6.5,6.0,5.875
2001-02-13,182400.0,5.875,6.219,6.125,5.531
2001-02-14,44800.0,5.438,5.906,5.859,5.25
2001-02-15,102400.0,5.125,5.875,5.5,5.125
2001-02-16,1270400.0,4.469,5.25,5.219,4.0
2001-02-20,108800.0,4.375,4.938,4.5,4.313
2001-02-21,227200.0,4.0,4.313,4.25,3.938
2001-02-22,153600.0,3.938,4.156,4.063,3.75
2001-02-23,486400.0,3.938,4.031,3.953,3.75
2001-02-26,307200.0,3.813,4.031,3.969,3.75
2001-02-27,355200.0,3.781,3.844,3.797,3.625
2001-02-28,108800.0,3.75,3.844,3.766,3.625
2001-03-01,502400.0,3.156,3.75,3.719,3.094
2001-03-02,342400.0,2.844,3.281,3.219,2.75
2001-03-05,400000.0,2.906,3.031,2.984,2.75
2001-03-06,806400.0,3.0,4.25,3.016,2.875
2001-03-07,240000.0,3.0,3.156,3.156,2.875
2001-03-08,182400.0,2.938,3.063,3.047,2.75
2001-03-09,160000.0,2.781,3.063,3.0,2.75
2001-03-12,595200.0,2.375,2.813,2.813,2.203
2001-03-13,457600.0,2.25,2.313,2.063,2.0
2001-03-14,339200.0,2.031,2.219,2.141,2.0
2001-03-15,467200.0,1.938,2.25,2.125,1.938
2001-03-16,352000.0,1.75,2.063,2.0,1.563
2001-03-19,521600.0,1.938,2.094,1.844,1.844
2001-03-20,620800.0,2.031,2.063,2.047,1.969
2001-03-21,412800.0,2.0,2.063,2.031,1.938
2001-03-22,172800.0,2.031,2.063,2.031,2.0
2001-03-23,326400.0,2.031,2.063,2.0,1.938
2001-03-26,73600.0,2.0,2.031,2.016,1.938
2001-03-27,214400.0,1.625,2.031,2.0,1.625
2001-03-28,492800.0,1.563,1.766,1.5,1.375
2001-03-29,649600.0,1.406,1.75,1.656,1.375
2001-03-30,998400.0,1.25,1.5,1.5,1.063
2001-04-02,560000.0,1.125,1.438,1.375,1.0
2001-04-03,838400.0,1.094,1.25,1.188,1.0
2001-04-04,419200.0,1.031,1.25,1.188,1.0
2001-04-05,819200.0,1.031,1.125,1.125,0.9688
2001-04-06,2921600.0,0.5938,1.031,1.031,0.5
2001-04-09,1161600.0,0.92,0.92,0.83,0.72
2001-04-10,1648000.0,1.11,1.3,1.045,1.04
2001-04-11,2572800.0,1.35,1.38,1.235,1.15
2001-04-12,793600.0,1.3,1.43,1.4,1.25
2001-04-16,835200.0,1.38,1.45,1.4,1.35
2001-04-17,358400.0,1.32,1.34,1.3,1.26
2001-04-18,918400.0,1.46,1.5,1.36,1.35
2001-04-19,1337600.0,1.63,1.85,1.61,1.6
2001-04-20,678400.0,1.5,1.73,1.72,1.45
2001-04-23,444800.0,1.23,1.53,1.5,1.19
2001-04-24,316800.0,1.29,1.3,1.23,1.2
2001-04-25,508800.0,1.27,1.36,1.28,1.25
2001-04-26,179200.0,1.25,1.3,1.29,1.25
2001-04-27,528000.0,1.3,1.39,1.3,1.24
2001-04-30,480000.0,1.32,1.38,1.36,1.27
2001-05-01,496000.0,1.32,1.38,1.35,1.28
2001-05-02,819200.0,1.73,1.91,1.355,1.32
2001-05-03,400000.0,1.7,1.79,1.78,1.5
2001-05-04,454400.0,1.62,1.7,1.695,1.52
2001-05-07,454400.0,1.58,1.65,1.645,1.49
2001-05-08,182400.0,1.62,1.7,1.58,1.58
2001-05-09,144000.0,1.53,1.63,1.63,1.5
2001-05-10,208000.0,1.5,1.59,1.56,1.48
2001-05-11,646400.0,1.39,1.56,1.56,1.2
2001-05-14,672000.0,1.16,1.42,1.42,1.0
2001-05-15,387200.0,1.27,1.3,1.185,1.18
2001-05-16,131200.0,1.3,1.35,1.23,1.22
2001-05-17,198400.0,1.25,1.37,1.31,1.2
2001-05-18,585600.0,1.2,1.28,1.25,1.16
2001-05-21,211200.0,1.39,1.43,1.205,1.2
2001-05-22,124800.0,1.44,1.49,1.4,1.32
2001-05-23,179200.0,1.43,1.47,1.465,1.35
2001-05-24,316800.0,1.54,1.7,1.42,1.4
2001-05-25,124800.0,1.5,1.64,1.595,1.45
2001-05-29,144000.0,1.46,1.57,1.55,1.44
2001-05-30,268800.0,1.3,1.49,1.48,1.26
2001-05-31,195200.0,1.3,1.38,1.315,1.25
2001-06-01,224000.0,1.35,1.38,1.38,1.24
2001-06-04,284800.0,1.49,1.5,1.465,1.31
2001-06-05,156800.0,1.52,1.56,1.5,1.45
2001-06-06,60800.0,1.44,1.55,1.54,1.44
2001-06-07,156800.0,1.36,1.47,1.415,1.31
2001-06-08,208000.0,1.35,1.43,1.42,1.29
2001-06-11,67200.0,1.35,1.37,1.36,1.28
2001-06-12,60800.0,1.31,1.35,1.3,1.28
2001-06-13,32000.0,1.33,1.4,1.35,1.33
2001-06-14,275200.0,1.19,1.36,1.3,1.13
2001-06-15,611200.0,1.15,1.22,1.215,1.05
2001-06-18,448000.0,1.22,1.44,1.37,1.18
2001-06-19,464000.0,1.23,1.28,1.28,1.2
2001-06-20,153600.0,1.16,1.29,1.22,1.08
2001-06-21,454400.0,1.14,1.2,1.05,1.01
2001-06-22,102400.0,1.11,1.14,1.14,1.04
2001-06-25,294400.0,1.13,1.25,1.15,1.11
2001-06-26,163200.0,1.13,1.2,1.11,1.08
2001-06-27,326400.0,1.1,1.17,1.12,1.08
2001-06-28,1286400.0,1.07,1.11,1.11,1.01
2001-06-29,2700800.0,1.07,1.1,1.03,1.02
2001-07-02,243200.0,1.04,1.11,1.1,1.02
2001-07-03,41600.0,1.12,1.12,1.05,1.04
2001-07-05,262400.0,1.04,1.09,1.06,1.02
2001-07-06,57600.0,1.05,1.08,1.03,1.03
2001-07-09,339200.0,1.05,1.1,1.09,1.02
2001-07-10,160000.0,1.03,1.05,1.05,1.02
2001-07-11,262400.0,1.03,1.04,1.04,1.0
2001-07-12,211200.0,1.03,1.06,1.05,1.01
2001-07-13,326400.0,1.03,1.06,1.05,1.02
2001-07-16,304000.0,1.36,1.39,1.03,1.03
2001-07-17,329600.0,1.4,1.45,1.38,1.11
2001-07-18,326400.0,1.34,1.45,1.42,1.3
2001-07-19,572800.0,1.43,1.55,1.45,1.4
2001-07-20,96000.0,1.43,1.51,1.51,1.42
2001-07-23,166400.0,1.28,1.46,1.46,1.25
2001-07-24,137600.0,1.35,1.45,1.28,1.27
2001-07-25,57600.0,1.29,1.37,1.35,1.27
2001-07-26,124800.0,1.25,1.33,1.28,1.2
2001-07-27,108800.0,1.35,1.36,1.22,1.21
2001-07-30,44800.0,1.35,1.38,1.33,1.28
2001-07-31,76800.0,1.4,1.4,1.27,1.27
2001-08-01,86400.0,1.27,1.39,1.29,1.24
2001-08-02,57600.0,1.25,1.3,1.27,1.22
2001-08-03,35200.0,1.21,1.26,1.22,1.2
2001-08-06,48000.0,1.21,1.25,1.25,1.21
2001-08-07,57600.0,1.25,1.29,1.26,1.21
2001-08-08,140800.0,1.24,1.28,1.24,1.22
2001-08-09,67200.0,1.25,1.27,1.22,1.2
2001-08-10,28800.0,1.24,1.27,1.25,1.2
2001-08-13,60800.0,1.19,1.25,1.225,1.18
2001-08-14,51200.0,1.2,1.24,1.2,1.18
2001-08-15,102400.0,1.2,1.24,1.18,1.18
2001-08-16,96000.0,1.16,1.19,1.18,1.1
2001-08-17,99200.0,1.15,1.16,1.16,1.05
2001-08-20,51200.0,1.15,1.15,1.15,1.15
2001-08-21,67200.0,1.05,1.15,1.11,1.03
2001-08-22,86400.0,1.01,1.12,1.04,1.01
2001-08-23,246400.0,0.98,1.09,1.01,0.98
2001-08-24,304000.0,0.94,0.98,0.97,0.8
2001-08-27,294400.0,0.89,1.05,1.03,0.82
2001-08-28,137600.0,0.86,0.94,0.89,0.81
2001-08-29,947200.0,0.78,0.87,0.845,0.72
2001-08-30,185600.0,0.73,0.77,0.77,0.72
2001-08-31,201600.0,0.73,0.77,0.745,0.72
2001-09-04,396800.0,0.73,0.76,0.75,0.62
2001-09-05,400000.0,0.65,0.74,0.73,0.6
2001-09-06,137600.0,0.7,0.78,0.64,0.64
2001-09-07,192000.0,0.65,0.7,0.7,0.62
2001-09-10,3980800.0,0.58,0.68,0.68,0.5
2001-09-17,691200.0,0.54,0.58,0.53,0.5
2001-09-18,265600.0,0.53,0.55,0.52,0.5
2001-09-19,390400.0,0.53,0.53,0.53,0.45
2001-09-20,134400.0,0.49,0.52,0.52,0.49
2001-09-21,1043200.0,0.44,0.5,0.5,0.35
2001-09-24,464000.0,0.5,0.51,0.475,0.47
2001-09-25,496000.0,0.5,0.5,0.5,0.5
2001-09-26,1171200.0,0.38,0.42,0.42,0.33
2001-09-27,409600.0,0.44,0.45,0.39,0.39
2001-09-28,444800.0,0.45,0.45,0.45,0.37
2001-10-01,345600.0,0.45,0.47,0.44,0.43
2001-10-02,342500.0,0.47,0.48,0.48,0.39
2001-10-03,412500.0,0.43,0.49,0.49,0.43
2001-10-04,252900.0,0.45,0.47,0.47,0.43
2001-10-05,284800.0,0.42,0.46,0.46,0.4
2001-10-08,384000.0,0.39,0.45,0.45,0.35
2001-10-09,144000.0,0.43,0.43,0.41,0.38
2001-10-10,480000.0,0.43,0.47,0.44,0.42
2001-10-11,633600.0,0.45,0.49,0.45,0.44
2001-10-12,604800.0,0.53,0.54,0.47,0.44
2001-10-15,864000.0,0.65,0.66,0.57,0.54
2001-10-16,409600.0,0.68,0.71,0.67,0.64
2001-10-17,512000.0,0.71,0.72,0.72,0.63
2001-10-18,547200.0,0.65,0.76,0.73,0.51
2001-10-19,259200.0,0.59,0.65,0.65,0.57
2001-10-22,182400.0,0.59,0.61,0.6,0.56
2001-10-23,115200.0,0.6,0.67,0.65,0.6
2001-10-24,147200.0,0.58,0.64,0.64,0.55
2001-10-25,1984000.0,0.41,0.6,0.6,0.4
2001-10-26,972800.0,0.46,0.48,0.47,0.4103
2001-10-29,470400.0,0.51,0.52,0.49,0.46
2001-10-30,649600.0,0.49,0.53,0.53,0.46
2001-10-31,316800.0,0.5398,0.55,0.5,0.47
2001-11-01,300800.0,0.49,0.54,0.54,0.48
2001-11-02,172800.0,0.52,0.54,0.48,0.48
2001-11-05,518400.0,0.56,0.58,0.54,0.51
2001-11-06,598400.0,0.61,0.65,0.56,0.56
2001-11-07,534400.0,0.64,0.66,0.66,0.6
2001-11-08,656000.0,0.69,0.75,0.67,0.65
2001-11-09,886400.0,0.72,0.76,0.73,0.67
2001-11-12,588800.0,0.75,0.78,0.74,0.7
2001-11-13,710400.0,0.89,0.9,0.77,0.75
2001-11-14,1648000.0,1.0,1.14,0.89,0.88
2001-11-15,480000.0,1.05,1.1,1.03,0.99
2001-11-16,492800.0,1.1,1.2,1.1,1.04
2001-11-19,368000.0,1.29,1.29,1.18,1.13
2001-11-20,848000.0,1.36,1.45,1.37,1.34
2001-11-21,416000.0,1.39,1.49,1.49,1.2
2001-11-23,60800.0,1.35,1.36,1.36,1.25
2001-11-26,377600.0,1.31,1.44,1.44,1.2
2001-11-27,1200000.0,1.6,1.69,1.34,1.32
2001-11-28,1152000.0,1.94,2.07,2.07,1.65
2001-11-29,921600.0,1.7,2.0,2.0,1.53
2001-11-30,275200.0,1.653,1.81,1.74,1.62
2001-12-03,259200.0,1.65,1.75,1.75,1.6
2001-12-04,499200.0,1.6,1.7,1.7,1.42
2001-12-05,435200.0,1.58,1.74,1.6,1.5
2001-12-06,409600.0,1.48,1.62,1.62,1.41
2001-12-07,499200.0,1.41,1.45,1.45,1.27
2001-12-10,259200.0,1.6,1.6,1.41,1.34
2001-12-11,230400.0,1.61,1.69,1.59,1.55
2001-12-12,99200.0,1.55,1.64,1.64,1.55
2001-12-13,2032000.0,1.97,2.08,1.57,1.4
2001-12-14,1174400.0,1.99,2.38,2.06,1.93
2001-12-17,483200.0,1.93,2.07,2.06,1.82
2001-12-18,211200.0,1.87,1.99,1.87,1.82
2001-12-19,400000.0,2.01,2.15,1.86,1.78
2001-12-20,409600.0,2.0,2.15,2.0,1.87
2001-12-21,204800.0,1.95,2.0,1.97,1.9
2001-12-24,451200.0,2.265,2.27,2.0,1.95
2001-12-26,1500800.0,2.95,3.0,2.39,2.3
2001-12-27,1926400.0,3.379,3.42,2.98,2.97
2001-12-28,1651200.0,3.17,3.48,3.41,2.9
2001-12-31,784000.0,2.9,3.2,3.14,2.87
2002-01-02,748800.0,2.69,2.94,2.83,2.52
2002-01-03,665600.0,2.97,2.99,2.99,2.72
2002-01-04,518400.0,3.13,3.3,3.285,2.99
2002-01-07,409600.0,3.15,3.33,3.28,3.05
2002-01-08,825600.0,3.0,3.4,3.25,2.9
2002-01-09,985600.0,3.38,3.39,3.03,2.97
2002-01-10,537600.0,3.23,3.53,3.4,3.11
2002-01-11,576000.0,3.18,3.33,3.3,3.11
2002-01-14,736000.0,2.87,3.15,3.14,2.75
2002-01-15,313600.0,2.83,2.99,2.92,2.8
2002-01-16,473600.0,2.72,2.89,2.85,2.55
2002-01-17,438400.0,2.51,2.75,2.65,2.5
2002-01-18,659200.0,2.32,2.54,2.52,2.16
2002-01-22,678400.0,2.1,2.2,2.2,2.04
2002-01-23,649600.0,2.07,2.12,2.12,1.97
2002-01-24,716800.0,2.32,2.35,2.11,2.11
2002-01-25,713600.0,2.42,2.6,2.37,2.33
2002-01-28,1068800.0,2.31,2.52,2.52,2.25
2002-01-29,201600.0,2.26,2.4,2.35,2.2
2002-01-30,364800.0,2.31,2.31,2.29,2.1
2002-01-31,249600.0,2.29,2.42,2.32,2.27
2002-02-01,467200.0,2.139,2.34,2.34,2.01
2002-02-04,352000.0,2.05,2.14,2.13,1.97
2002-02-05,636800.0,1.84,2.08,2.02,1.81
2002-02-06,784000.0,1.59,1.9,1.82,1.5
2002-02-07,768000.0,1.46,1.55,1.5,1.4
2002-02-08,768000.0,1.82,1.82,1.57,1.52
2002-02-11,464000.0,2.22,2.32,1.91,1.9
2002-02-12,268800.0,2.14,2.24,2.24,2.01
2002-02-13,220800.0,2.18,2.28,2.195,2.15
2002-02-14,675200.0,2.05,2.3,2.22,1.86
2002-02-15,576000.0,1.895,2.1,2.07,1.8
2002-02-19,460800.0,1.6,1.87,1.855,1.58
2002-02-20,300800.0,1.56,1.78,1.78,1.56
2002-02-21,476800.0,1.41,1.66,1.64,1.38
2002-02-22,243200.0,1.49,1.49,1.46,1.4
2002-02-25,201600.0,1.58,1.64,1.5,1.49
2002-02-26,182400.0,1.46,1.57,1.55,1.42
2002-02-27,291200.0,1.4,1.5,1.49,1.35
2002-02-28,412800.0,1.25,1.41,1.4,1.21
2002-03-01,304000.0,1.3,1.34,1.28,1.25
2002-03-04,723200.0,1.08,1.42,1.4,1.05
2002-03-05,1257600.0,1.08,1.18,1.15,1.05
2002-03-06,1238400.0,1.06,1.09,1.09,0.99
2002-03-07,2105600.0,1.26,1.34,1.22,1.11
2002-03-08,1155200.0,1.19,1.32,1.28,1.14
2002-03-11,342400.0,1.296,1.306,1.21,1.14
2002-03-12,691200.0,1.41,1.47,1.26,1.23
2002-03-13,336000.0,1.37,1.45,1.44,1.3
2002-03-14,307200.0,1.33,1.4,1.4,1.28
2002-03-15,230400.0,1.23,1.35,1.34,1.2
2002-03-18,304000.0,1.27,1.38,1.31,1.24
2002-03-19,137600.0,1.25,1.29,1.29,1.23
2002-03-20,236800.0,1.2,1.25,1.23,1.17
2002-03-21,211200.0,1.19,1.28,1.28,1.17
2002-03-22,240000.0,1.16,1.26,1.26,1.15
2002-03-25,224000.0,1.15,1.25,1.19,1.15
2002-03-26,246400.0,1.18,1.2,1.2,1.15
2002-03-27,281600.0,1.16,1.22,1.2,1.14
2002-03-28,259200.0,1.21,1.25,1.25,1.16
2002-04-01,467200.0,1.15,1.25,1.25,1.15
2002-04-02,220800.0,1.11,1.17,1.16,1.1
2002-04-03,377600.0,1.02,1.14,1.14,1.0
2002-04-04,1126400.0,0.98,1.04,1.04,0.93
2002-04-05,473600.0,0.96,1.04,1.03,0.95
2002-04-08,1881600.0,0.87,0.97,0.97,0.86
2002-04-09,694400.0,0.9,1.03,1.01,0.86
2002-04-10,233600.0,0.9,0.95,0.93,0.88
2002-04-11,457600.0,0.85,0.92,0.92,0.82
2002-04-12,444800.0,0.81,0.93,0.92,0.79
2002-04-15,233600.0,0.8,0.84,0.84,0.77
2002-04-16,425600.0,0.78,0.83,0.81,0.78
2002-04-17,873600.0,0.68,0.82,0.78,0.65
2002-04-18,950400.0,0.82,0.86,0.75,0.72
2002-04-19,726400.0,0.82,0.89,0.87,0.81
2002-04-22,816000.0,0.7,0.86,0.83,0.7
2002-04-23,704000.0,0.73,0.79,0.75,0.7
2002-04-24,896000.0,0.73,0.84,0.78,0.67
2002-04-25,764800.0,0.63,0.78,0.78,0.62
2002-04-26,899200.0,0.64,0.7,0.64,0.61
2002-04-29,1920000.0,0.5,0.66,0.64,0.49
2002-04-30,1225600.0,0.57,0.6,0.55,0.54
2002-05-01,710400.0,0.55,0.61,0.59,0.54
2002-05-02,406400.0,0.58,0.62,0.58,0.55
2002-05-03,316800.0,0.55,0.62,0.62,0.53
2002-05-06,480000.0,0.59,0.61,0.61,0.56
2002-05-07,371200.0,0.55,0.6,0.59,0.53
2002-05-08,752000.0,0.5,0.6,0.6,0.49
2002-05-09,451200.0,0.54,0.57,0.52,0.5
2002-05-10,624000.0,0.5,0.55,0.52,0.49
2002-05-13,531200.0,0.47,0.52,0.51,0.46
2002-05-14,1200000.0,0.4538,0.5,0.5,0.44
2002-05-15,1718400.0,0.501,0.54,0.419,0.41
2002-05-16,393600.0,0.49,0.53,0.53,0.48
2002-05-17,310400.0,0.5,0.5,0.5,0.47
2002-05-20,272000.0,0.5,0.52,0.51,0.48
2002-05-21,128000.0,0.49,0.51,0.51,0.48
2002-05-22,358400.0,0.48,0.51,0.49,0.46
2002-05-23,140800.0,0.49,0.5,0.5,0.47
2002-05-24,211200.0,0.49,0.54,0.5,0.47
2002-05-28,1664000.0,0.42,0.5074,0.5,0.39
2002-05-29,1641600.0,0.38,0.5074,0.5,0.36
2002-05-30,1033600.0,0.41,0.41,0.39,0.35
2002-05-31,630400.0,0.46,0.48,0.4,0.38
2002-06-03,489600.0,0.45,0.49,0.48,0.43
2002-06-04,240000.0,0.498,0.498,0.48,0.46
2002-06-05,208000.0,0.5,0.51,0.5,0.46
2002-06-06,310400.0,0.44,0.49,0.49,0.44
2002-06-07,201600.0,0.46,0.49,0.45,0.41
2002-06-10,182400.0,0.45,0.49,0.48,0.45
2002-06-11,243200.0,0.42,0.46,0.45,0.41
2002-06-12,326400.0,0.42,0.45,0.42,0.39
2002-06-13,172800.0,0.42,0.44,0.44,0.4
2002-06-14,176000.0,0.41,0.44,0.44,0.39
2002-06-17,76800.0,0.4298,0.46,0.44,0.41
2002-06-18,387200.0,0.41,0.45,0.45,0.41
2002-06-19,176000.0,0.4,0.44,0.42,0.4
2002-06-20,547200.0,0.39,0.42,0.4,0.36
2002-06-21,416000.0,0.38,0.4,0.37,0.35
2002-06-24,406400.0,0.37,0.38,0.38,0.31
2002-06-25,211200.0,0.3623,0.4,0.37,0.35
2002-06-26,307200.0,0.36,0.36,0.33,0.32
2002-06-27,108800.0,0.36,0.361,0.34,0.33
2002-06-28,131200.0,0.34,0.37,0.34,0.34
2002-07-01,118400.0,0.34,0.36,0.36,0.33
2002-07-02,316800.0,0.32,0.36,0.35,0.32
2002-07-03,188800.0,0.344,0.36,0.34,0.31
2002-07-05,54400.0,0.3698,0.38,0.35,0.33
2002-07-08,326400.0,0.41,0.43,0.42,0.39
2002-07-09,201600.0,0.4174,0.42,0.41,0.38
2002-07-10,102400.0,0.42,0.42,0.41,0.38
2002-07-11,160000.0,0.39,0.41,0.39,0.36
2002-07-12,240000.0,0.39,0.405,0.39,0.37
2002-07-15,179200.0,0.39,0.42,0.4,0.37
2002-07-16,198400.0,0.4,0.42,0.42,0.39
2002-07-17,339200.0,0.49,0.49,0.42,0.41
2002-07-18,928000.0,0.58,0.64,0.49,0.49
2002-07-19,480000.0,0.49,0.62,0.61,0.49
2002-07-22,320000.0,0.44,0.54,0.51,0.44
2002-07-23,323200.0,0.46,0.5,0.46,0.41
2002-07-24,163200.0,0.45,0.47,0.47,0.43
2002-07-25,182400.0,0.45,0.47,0.44,0.43
2002-07-26,390400.0,0.3999,0.45,0.42,0.38
2002-07-29,227200.0,0.4,0.43,0.4,0.38
2002-07-30,172800.0,0.43,0.45,0.43,0.4
2002-07-31,265600.0,0.48,0.5,0.44,0.4
2002-08-01,214400.0,0.47,0.49,0.48,0.42
2002-08-02,115200.0,0.46,0.49,0.48,0.45
2002-08-05,240000.0,0.44,0.49,0.47,0.42
2002-08-06,89600.0,0.45,0.45,0.43,0.4
2002-08-07,172800.0,0.49,0.5,0.43,0.42
2002-08-08,304000.0,0.5297,0.53,0.461,0.46
2002-08-09,803200.0,0.37,0.42,0.4,0.35
2002-08-12,246400.0,0.37,0.4,0.38,0.36
2002-08-13,1036800.0,0.46,0.53,0.38,0.35
2002-08-14,544000.0,0.4,0.47,0.47,0.39
2002-08-15,380800.0,0.389,0.4108,0.4,0.37
2002-08-16,441600.0,0.38,0.39,0.36,0.36
2002-08-19,403200.0,0.41,0.43,0.38,0.38
2002-08-20,124800.0,0.4,0.43,0.43,0.38
2002-08-21,124800.0,0.39,0.41,0.41,0.38
2002-08-22,508800.0,0.36,0.38,0.37,0.35
2002-08-23,188800.0,0.37,0.38,0.37,0.35
2002-08-26,131200.0,0.36,0.38,0.37,0.35
2002-08-27,240000.0,0.35,0.37,0.35,0.34
2002-08-28,486400.0,0.32,0.35,0.35,0.3
2002-08-29,323200.0,0.309,0.31,0.3,0.29
2002-08-30,502400.0,0.31,0.31,0.31,0.28
2002-09-03,150400.0,0.27,0.3,0.3,0.26
2002-09-04,294400.0,0.33,0.4,0.27,0.27
2002-09-05,393600.0,0.32,0.34,0.33,0.3
2002-09-06,64000.0,0.3101,0.33,0.3,0.3
2002-09-09,83200.0,0.2901,0.32,0.31,0.28
2002-09-10,105600.0,0.28,0.3,0.3,0.27
2002-09-11,512000.0,0.26,0.29,0.29,0.25
2002-09-12,649600.0,0.22,0.26,0.26,0.19
2002-09-13,368000.0,0.21,0.24,0.23,0.2
2002-09-16,144000.0,0.22,0.22,0.22,0.2
2002-09-17,284800.0,0.21,0.24,0.21,0.2
2002-09-18,1276800.0,0.27,0.34,0.23,0.22
2002-09-19,227200.0,0.25,0.3005,0.29,0.25
2002-09-20,265600.0,0.271,0.29,0.27,0.25
2002-09-23,364800.0,0.25,0.27,0.27,0.23
2002-09-24,438400.0,0.24,0.25,0.24,0.2
2002-09-25,137600.0,0.24,0.24,0.24,0.22
2002-09-26,185600.0,0.25,0.26,0.22,0.21
2002-09-27,723200.0,0.33,0.34,0.25,0.25
2002-09-30,371200.0,0.34,0.35,0.31,0.25
2002-10-01,368000.0,0.36,0.37,0.32,0.32
2002-10-02,1459200.0,0.36,0.46,0.41,0.35
2002-10-03,284800.0,0.3,0.36,0.36,0.3
2002-10-04,486400.0,0.29,0.31,0.3,0.27
2002-10-07,483200.0,0.25,0.29,0.27,0.24
2002-10-08,508800.0,0.22,0.26,0.24,0.22
2002-10-09,275200.0,0.22,0.24,0.23,0.22
2002-10-10,419200.0,0.22,0.22,0.21,0.21
2002-10-11,150400.0,0.22,0.22,0.22,0.21
2002-10-14,304000.0,0.25,0.25,0.24,0.22
2002-10-15,275200.0,0.23,0.27,0.27,0.22
2002-10-16,355200.0,0.22,0.24,0.23,0.21
2002-10-17,579200.0,0.22,0.24,0.22,0.22
2002-10-18,425600.0,0.22,0.24,0.23,0.22
2002-10-21,96000.0,0.22,0.23,0.23,0.21
2002-10-22,160000.0,0.23,0.24,0.22,0.22
2002-10-23,114700.0,0.23,0.25,0.23,0.23
2002-10-24,352100.0,0.23,0.25,0.24,0.23
2002-10-25,556800.0,0.24,0.27,0.23,0.23
2002-10-28,268800.0,0.26,0.27,0.27,0.24
2002-10-29,4492800.0,0.3,0.341,0.3,0.29
2002-10-30,931200.0,0.28,0.31,0.29,0.25
2002-10-31,291200.0,0.28,0.29,0.27,0.26
2002-11-01,396800.0,0.26,0.28,0.27,0.25
2002-11-04,1414400.0,0.31,0.32,0.27,0.26
2002-11-05,1363200.0,0.33,0.36,0.3,0.3
2002-11-06,1068800.0,0.3,0.31,0.31,0.26
2002-11-07,348800.0,0.27,0.29,0.28,0.27
2002-11-08,300800.0,0.29,0.29,0.27,0.27
2002-11-11,339200.0,0.27,0.29,0.27,0.26
2002-11-12,188800.0,0.29,0.29,0.29,0.29
2002-11-13,313600.0,0.29,0.29,0.29,0.29
2002-11-14,478200.0,0.28,0.28,0.26,0.26
2002-11-15,329600.0,0.28,0.28,0.27,0.26
2002-11-18,339200.0,0.27,0.29,0.27,0.26
2002-11-19,467200.0,0.26,0.27,0.26,0.26
2002-11-20,137600.0,0.27,0.27,0.27,0.26
2002-11-21,1308800.0,0.3,0.32,0.27,0.26
2002-11-22,528000.0,0.28,0.31,0.29,0.27
2002-11-25,4992000.0,0.34,0.38,0.3,0.3
2002-11-26,4358400.0,0.36,0.4,0.38,0.34
2002-11-27,1075200.0,0.359,0.37,0.35,0.34
2002-11-29,729600.0,0.35,0.39,0.36,0.35
2002-12-02,764800.0,0.329,0.37,0.36,0.31
2002-12-03,332800.0,0.311,0.33,0.32,0.31
2002-12-04,777600.0,0.29,0.32,0.31,0.28
2002-12-05,284800.0,0.29,0.3,0.28,0.27
2002-12-06,291200.0,0.28,0.3,0.3,0.28
2002-12-09,441600.0,0.285,0.29,0.29,0.27
2002-12-10,492800.0,0.29,0.3,0.3,0.28
2002-12-11,598400.0,0.27,0.29,0.29,0.27
2002-12-12,636800.0,0.26,0.271,0.26,0.25
2002-12-13,896000.0,0.24,0.261,0.26,0.23
2002-12-16,211200.0,0.25,0.26,0.24,0.23
2002-12-17,412800.0,0.25,0.26,0.25,0.24
2002-12-18,214400.0,0.24,0.26,0.25,0.24
2002-12-19,412800.0,0.24,0.26,0.24,0.23
2002-12-20,604800.0,0.25,0.26,0.24,0.23
2002-12-23,1238400.0,0.23,0.261,0.25,0.22
2002-12-24,112000.0,0.23,0.24,0.23,0.22
2002-12-26,864000.0,0.22,0.23,0.22,0.21
2002-12-27,307200.0,0.22,0.23,0.22,0.2
2002-12-30,572800.0,0.21,0.221,0.22,0.2
2002-12-31,729600.0,0.21,0.21,0.21,0.21
2003-01-02,30900.0,5.24,5.76,5.76,4.98
2003-01-03,46600.0,5.08,5.27,5.27,5.0
2003-01-06,113400.0,5.64,5.99,5.5,5.25
2003-01-07,120200.0,0.21,0.21,0.21,0.21
2003-01-08,70200.0,6.99,7.73,7.71,6.93
2003-01-09,10900.0,7.07,7.35,7.35,7.02
2003-01-10,12000.0,6.83,7.13,7.0,6.74
2003-01-13,12600.0,7.1,7.1,6.85,6.74
2003-01-14,22600.0,6.47,6.95,6.77,6.27
2003-01-15,21100.0,6.13,6.48,6.48,5.98
2003-01-16,18600.0,6.07,6.95,6.86,6.01
2003-01-17,32300.0,5.37,6.1,6.09,5.2
2003-01-21,59400.0,4.9,5.48,5.34,4.9
2003-01-22,55100.0,4.49,5.0,5.0,4.48
2003-01-23,56800.0,4.13,4.63,4.6,4.13
2003-01-24,68200.0,3.88,4.32,4.32,3.88
2003-01-27,79500.0,3.16,4.0,3.95,3.15
2003-01-28,145500.0,3.68,3.68,3.25,2.0
2003-01-29,18700.0,3.29,3.7,3.45,3.21
2003-01-30,6700.0,3.06,3.37,3.35,3.02
2003-01-31,14200.0,3.5,3.5,3.1,3.1
2003-02-03,100700.0,3.23,3.4,3.12,3.0
2003-02-04,9400.0,3.35,3.52,3.189,3.189
2003-02-05,59600.0,4.14,4.49,3.46,3.46
2003-02-06,49900.0,3.76,4.2,4.14,3.71
2003-02-07,16600.0,3.75,3.96,3.87,3.75
2003-02-10,25500.0,3.69,3.79,3.764,3.63
2003-02-11,52600.0,4.05,4.05,3.66,3.66
2003-02-12,9200.0,3.87,4.09,4.0,3.87
2003-02-13,11800.0,4.0,4.02,3.86,3.86
2003-02-14,7900.0,3.9,4.06,4.06,3.9
2003-02-18,26300.0,3.88,3.93,3.87,3.86
2003-02-19,63300.0,3.91,4.09,3.94,3.89
2003-02-20,17400.0,3.989,4.04,3.95,3.88
2003-02-21,13900.0,3.86,3.95,3.93,3.86
2003-02-24,37600.0,3.86,4.06,3.88,3.86
2003-02-25,16500.0,3.7,3.89,3.89,3.7
2003-02-26,19300.0,3.58,3.79,3.76,3.51
2003-02-27,15500.0,3.4,3.59,3.59,3.4
2003-02-28,56900.0,3.45,3.65,3.36,3.36
2003-03-03,54300.0,3.41,3.58,3.42,3.4
2003-03-04,87600.0,3.96,3.96,3.5,3.41
2003-03-05,68900.0,3.37,4.01,4.01,3.1
2003-03-06,60200.0,3.25,3.44,3.25,3.25
2003-03-07,47700.0,3.12,3.32,3.28,3.1
2003-03-10,67300.0,3.33,3.47,3.14,3.13
2003-03-11,43100.0,3.45,3.6,3.42,3.4
2003-03-12,8300.0,3.53,3.6,3.45,3.45
2003-03-13,16000.0,3.82,3.84,3.501,3.45
2003-03-14,2300.0,3.73,3.73,3.7,3.7
2003-03-17,112000.0,4.02,4.38,3.73,3.62
2003-03-18,28200.0,4.04,4.1,3.9,3.9
2003-03-19,12800.0,4.02,4.17,3.93,3.93
2003-03-20,32500.0,4.0,4.05,4.01,3.81
2003-03-21,11800.0,3.86,4.0,4.0,3.75
2003-03-24,35000.0,3.601,3.8,3.8,3.52
2003-03-25,45500.0,3.53,3.94,3.62,3.53
2003-03-26,38400.0,3.2,3.62,3.6,3.18
2003-03-27,78500.0,3.1,3.5,3.18,2.85
2003-03-28,47600.0,3.03,3.03,3.011,2.95
2003-03-31,21400.0,2.95,3.05,3.05,2.95
2003-04-01,19700.0,2.96,3.07,3.04,2.95
2003-04-02,30600.0,2.99,3.0,3.0,2.85
2003-04-03,126000.0,3.07,3.31,2.97,2.959
2003-04-04,114500.0,3.14,3.43,3.28,2.9
2003-04-07,53300.0,3.1,3.38,3.38,3.09
2003-04-08,21600.0,2.95,3.17,3.15,2.9
2003-04-09,10100.0,3.0,3.1,2.93,2.93
2003-04-10,13500.0,2.9,3.1,2.94,2.9
2003-04-11,6200.0,2.95,3.01,2.96,2.9
2003-04-14,21800.0,3.03,3.1,3.04,3.0
2003-04-15,10900.0,3.25,3.25,2.99,2.99
2003-04-16,168200.0,3.0,3.19,3.15,3.0
2003-04-17,9700.0,3.0,3.12,3.0,3.0
2003-04-21,15400.0,3.21,3.24,3.19,3.03
2003-04-22,24400.0,3.19,3.25,3.159,3.1
2003-04-23,11100.0,3.17,3.2,3.16,3.1
2003-04-24,2800.0,3.1,3.16,3.11,3.1
2003-04-25,7400.0,3.19,3.2,3.1,3.1
2003-04-28,11800.0,3.2,3.2,3.1,3.1
2003-04-29,7700.0,3.15,3.24,3.14,3.11
2003-04-30,87300.0,3.25,3.35,3.22,3.2
2003-05-01,24700.0,3.39,3.41,3.3,3.3
2003-05-02,42300.0,4.05,4.06,3.42,3.42
2003-05-05,142400.0,5.38,5.42,3.89,3.89
2003-05-06,134900.0,4.99,5.8,5.38,4.75
2003-05-07,62000.0,4.5,4.97,4.85,4.25
2003-05-08,72300.0,4.1,4.62,4.55,4.1
2003-05-09,154700.0,4.2,4.3,4.1,3.74
2003-05-12,40800.0,4.58,4.6,4.2,4.19
2003-05-13,29800.0,4.6,4.73,4.6,4.31
2003-05-14,221700.0,5.24,5.54,4.58,4.35
2003-05-15,89400.0,5.27,5.43,5.2,5.06
2003-05-16,92800.0,5.7,5.96,5.73,5.1
2003-05-19,54500.0,5.25,5.59,5.36,5.0
2003-05-20,210500.0,5.5,5.6,5.28,5.16
2003-05-21,78500.0,5.5,5.61,5.5,5.34
2003-05-22,93100.0,5.789,5.81,5.6,5.4
2003-05-23,212800.0,6.2,6.74,5.8,5.76
2003-05-27,201800.0,7.581,7.65,6.48,6.39
2003-05-28,266800.0,8.29,9.0,7.58,7.11
2003-05-29,145600.0,8.36,8.629,8.47,8.2
2003-05-30,112500.0,8.32,8.56,8.2,8.02
2003-06-02,72200.0,8.489,8.8,8.31,8.31
2003-06-03,22600.0,8.35,8.62,8.34,8.32
2003-06-04,73500.0,7.77,8.49,8.35,7.56
2003-06-05,42100.0,8.05,8.22,7.8,7.66
2003-06-06,41400.0,8.1,9.17,8.05,7.86
2003-06-09,93200.0,7.8,8.74,8.0,7.36
2003-06-10,31100.0,7.69,7.802,7.45,7.4
2003-06-11,45400.0,8.4,8.5,7.69,7.5
2003-06-12,11800.0,8.51,8.65,8.51,8.31
2003-06-13,27200.0,8.23,8.5,8.49,8.04
2003-06-16,17700.0,8.41,8.7,8.23,8.11
2003-06-17,49600.0,8.85,9.059,8.75,8.6
2003-06-18,69700.0,9.3,9.8,8.88,8.85
2003-06-19,51200.0,8.9,9.49,9.49,8.681
2003-06-20,38600.0,9.05,9.14,9.14,8.67
2003-06-23,110500.0,9.6,9.69,9.14,9.14
2003-06-24,110100.0,10.19,10.45,9.75,9.65
2003-06-25,76200.0,10.4,10.64,10.27,10.2
2003-06-26,92800.0,9.1,10.67,10.11,8.9
2003-06-27,139900.0,8.8,9.96,9.56,8.45
2003-06-30,171400.0,7.85,9.0,9.0,7.61
2003-07-01,62700.0,8.03,8.2,7.61,7.5
2003-07-02,45100.0,8.75,8.86,8.0,8.0
2003-07-03,16300.0,8.75,8.8,8.65,8.41
2003-07-07,52400.0,9.02,9.46,8.79,8.6
2003-07-08,26300.0,9.5,9.5,9.43,9.09
2003-07-09,45600.0,10.09,10.2,9.5,9.37
2003-07-10,21800.0,10.0,10.01,10.0,9.62
2003-07-11,39700.0,10.29,10.3,10.0,9.85
2003-07-14,36600.0,10.3,10.53,10.1,10.1
2003-07-15,45100.0,10.53,10.53,10.22,10.22
2003-07-16,224600.0,12.81,12.9,10.5,10.44
2003-07-17,118900.0,12.95,13.0,12.33,11.58
2003-07-18,117600.0,12.881,13.5,12.95,12.8
2003-07-21,52200.0,12.56,13.0,12.88,12.25
2003-07-22,56400.0,13.58,13.7,12.25,12.25
2003-07-23,203600.0,17.51,17.55,13.7,13.51
2003-07-24,271000.0,19.28,20.25,17.68,16.84
2003-07-25,141200.0,19.0,19.4,19.0,18.15
2003-07-28,80500.0,19.98,20.0,18.6,18.25
2003-07-29,66000.0,18.739,20.1,20.09,18.17
2003-07-30,122000.0,19.4,19.95,19.47,18.09
2003-07-31,108900.0,19.05,20.25,20.0,18.5
2003-08-01,346900.0,14.613,18.0,17.75,14.5
2003-08-04,228600.0,16.89,17.24,14.9,14.9
2003-08-05,129000.0,15.91,17.43,16.48,15.65
2003-08-06,95900.0,15.0,16.15,15.98,14.6
2003-08-07,149900.0,13.18,15.1,15.0,13.0
2003-08-08,193900.0,12.885,13.84,12.67,12.0
2003-08-11,73200.0,14.549,14.81,12.97,12.9
2003-08-12,51100.0,13.95,14.83,14.83,13.95
2003-08-13,50700.0,13.73,14.03,14.03,13.41
2003-08-14,35700.0,13.5,13.77,13.63,13.08
2003-08-15,19500.0,14.1,14.55,13.53,13.43
2003-08-18,166300.0,15.89,16.1,14.35,14.1
2003-08-19,30100.0,15.77,16.0,15.92,15.17
2003-08-20,92500.0,16.95,16.98,15.64,15.61
2003-08-21,105700.0,17.683,18.15,16.97,16.96
2003-08-22,126200.0,17.18,18.0,17.45,17.13
2003-08-25,179900.0,18.11,18.5,17.65,17.6
2003-08-26,24300.0,17.66,18.0,17.88,17.17
2003-08-27,104600.0,18.55,18.73,17.59,17.59
2003-08-28,48100.0,18.19,18.75,18.75,18.0
2003-08-29,48400.0,18.54,18.55,18.11,17.5
2003-09-02,90600.0,19.2,19.2,18.0,17.5
2003-09-03,199400.0,18.52,20.293,18.55,18.27
2003-09-04,101900.0,19.71,20.0,18.43,18.27
2003-09-05,62800.0,19.71,19.95,19.75,19.63
2003-09-08,102400.0,19.38,19.62,18.73,18.5
2003-09-09,116900.0,19.05,19.51,19.49,18.8
2003-09-10,127600.0,19.05,19.58,19.2,18.84
2003-09-11,45200.0,19.029,19.45,18.98,18.9
2003-09-12,31000.0,19.25,19.29,19.0,18.92
2003-09-15,73300.0,19.131,19.3,18.08,18.01
2003-09-16,27500.0,19.23,19.25,18.78,18.78
2003-09-17,57100.0,19.15,19.49,19.0,19.0
2003-09-18,67100.0,19.84,20.0,18.85,18.85
2003-09-19,477700.0,22.0,22.64,20.4,20.3
2003-09-22,300300.0,23.369,23.58,21.75,21.75
2003-09-23,107800.0,23.25,23.65,23.65,22.5
2003-09-24,88800.0,21.72,23.43,23.43,21.71
2003-09-25,158400.0,20.823,22.87,22.85,20.5
2003-09-26,224300.0,18.948,21.11,21.11,17.76
2003-09-29,78300.0,18.82,19.15,18.55,18.351
2003-09-30,96800.0,18.64,19.1,18.61,18.45
2003-10-01,90800.0,18.0,18.89,18.35,18.0
2003-10-02,49800.0,17.82,18.99,18.0,17.8
2003-10-03,92800.0,19.45,19.79,18.8,18.5
2003-10-06,131700.0,19.89,20.47,19.6,18.95
2003-10-07,37100.0,19.93,20.15,19.21,19.2
2003-10-08,37100.0,19.72,20.15,20.1,19.37
2003-10-09,82600.0,20.15,20.3,19.72,19.68
2003-10-10,41200.0,19.861,20.179,20.15,19.86
2003-10-13,44600.0,19.99,20.75,20.1,19.9
2003-10-14,44600.0,19.2,20.21,20.14,19.0
2003-10-15,61900.0,18.77,19.0,18.95,18.06
2003-10-16,24900.0,19.37,19.47,19.2,18.92
2003-10-17,57800.0,18.5,19.23,18.995,17.6
2003-10-20,38100.0,18.61,18.73,18.02,18.02
2003-10-21,32400.0,19.45,19.48,18.75,18.75
2003-10-22,26400.0,18.65,19.95,19.84,18.56
2003-10-23,32300.0,19.11,19.11,18.41,18.0
2003-10-24,64900.0,20.0,20.0,18.94,18.8
2003-10-27,46400.0,19.811,20.1,19.9,19.5
2003-10-28,78100.0,18.889,19.9,19.8,18.56
2003-10-29,22500.0,18.81,19.39,18.61,18.61
2003-10-30,58200.0,18.54,19.1,18.93,18.11
2003-10-31,33800.0,18.2,18.79,18.31,18.16
2003-11-03,70000.0,18.849,18.9,18.2,18.0
2003-11-04,47700.0,18.24,18.89,18.89,17.6
2003-11-05,98000.0,17.04,18.241,18.24,16.87
2003-11-06,199800.0,17.77,17.77,17.35,16.8
2003-11-07,179200.0,19.0,19.06,17.8,17.7
2003-11-10,91700.0,19.47,19.68,18.76,18.76
2003-11-11,33200.0,19.67,19.67,19.14,19.1
2003-11-12,41900.0,19.73,19.75,19.71,19.25
2003-11-13,56000.0,19.8,19.88,19.6,19.4
2003-11-14,138300.0,20.15,20.25,19.7,19.49
2003-11-17,475600.0,21.4,21.5,20.0,19.75
2003-11-18,2455900.0,22.6,22.9,21.8,21.7
2003-11-19,251900.0,22.15,23.0,22.32,21.97
2003-11-20,483400.0,22.25,22.49,21.85,21.6
2003-11-21,238900.0,22.35,22.48,22.41,22.0
2003-11-24,554600.0,24.5,25.33,22.3,22.3
2003-11-25,478700.0,25.48,27.8,24.35,24.35
2003-11-26,124500.0,26.05,26.55,25.57,25.57
2003-11-28,22200.0,26.71,26.89,26.1,25.99
2003-12-01,269300.0,27.39,28.4,26.55,26.55
2003-12-02,265700.0,28.21,29.068,27.84,27.4
2003-12-03,171400.0,27.51,29.12,28.26,27.51
2003-12-04,210900.0,25.78,27.6,27.6,25.02
2003-12-05,103800.0,24.85,26.0,25.46,24.661
2003-12-08,160100.0,26.9,27.12,25.14,24.92
2003-12-09,146200.0,26.54,28.0,27.42,26.3
2003-12-10,69600.0,26.001,27.39,27.13,25.53
2003-12-11,97400.0,26.49,26.71,25.74,24.06
2003-12-12,100400.0,27.43,29.15,28.17,26.26
2003-12-15,158500.0,27.17,28.69,28.61,26.4
2003-12-16,126300.0,26.04,27.4,26.98,25.46
2003-12-17,88200.0,26.36,27.18,26.04,25.62
2003-12-18,176500.0,27.1,28.2,26.58,26.13
2003-12-19,80400.0,27.47,27.56,27.17,26.71
2003-12-22,65000.0,26.79,27.2,27.07,26.02
2003-12-23,161500.0,26.11,27.05,26.78,25.55
2003-12-24,29200.0,27.0,27.0,26.4,26.4
2003-12-26,35000.0,27.241,27.5,27.1,26.62
2003-12-29,107500.0,28.25,28.49,27.84,26.76
2003-12-30,91300.0,27.94,28.98,28.26,27.61
2003-12-31,42200.0,28.21,28.4,28.13,27.6
2004-01-02,201900.0,28.83,29.283,28.31,28.2
2004-01-05,154400.0,28.999,29.47,28.99,28.55
2004-01-06,165200.0,28.91,29.8,29.01,28.6
2004-01-07,64500.0,29.4,29.54,29.0,28.74
2004-01-08,117200.0,30.94,31.1,29.6,29.13
2004-01-09,870500.0,36.87,37.54,30.85,30.65
2004-01-12,671000.0,35.14,37.0,36.16,32.43
2004-01-13,149600.0,34.0,35.29,35.29,33.5
2004-01-14,272600.0,35.8,36.55,33.5,33.5
2004-01-15,93400.0,35.629,36.0,35.99,35.03
2004-01-16,81700.0,36.12,36.5,35.63,35.03
2004-01-20,242700.0,36.44,37.0,35.991,33.59
2004-01-21,68200.0,35.57,36.25,35.171,35.15
2004-01-22,329900.0,34.0,35.79,35.789,32.67
2004-01-23,65900.0,33.35,34.6,33.79,33.3
2004-01-26,149000.0,34.9,35.5,33.35,33.35
2004-01-27,97700.0,34.16,35.3,35.3,33.94
2004-01-28,151400.0,34.36,36.15,34.65,34.31
2004-01-29,221300.0,34.0,34.478,34.38,32.98
2004-01-30,267600.0,32.91,34.0,33.75,32.11
2004-02-02,194100.0,32.03,33.25,32.5,31.6
2004-02-03,155400.0,32.013,33.6,31.78,31.78
2004-02-04,130600.0,32.6,33.42,32.19,30.53
2004-02-05,1511300.0,29.5,30.8,30.61,28.82
2004-02-06,1640500.0,29.55,30.41,29.65,28.4
2004-02-09,419500.0,30.02,30.719,29.75,29.51
2004-02-10,207900.0,30.42,30.58,29.91,29.83
2004-02-11,193700.0,31.01,31.15,30.5,30.34
2004-02-12,118700.0,30.5,31.2,31.1,30.42
2004-02-13,123900.0,30.0,30.9,30.75,29.34
2004-02-17,118600.0,30.01,30.45,30.35,29.841
2004-02-18,127400.0,29.95,30.23,29.9,29.75
2004-02-19,118300.0,28.871,30.28,30.279,28.85
2004-02-20,366100.0,28.07,28.978,28.79,27.5
2004-02-23,190200.0,26.49,28.209,28.07,26.056
2004-02-24,296900.0,26.81,27.1,26.01,24.24
2004-02-25,120900.0,27.641,27.89,26.91,26.63
2004-02-26,73400.0,27.73,28.0,27.63,27.32
2004-02-27,109000.0,28.49,28.9,28.23,28.175
2004-03-01,191100.0,29.25,29.5,28.88,27.75
2004-03-02,146700.0,28.85,29.53,29.53,28.63
2004-03-03,74900.0,28.7,29.0,28.68,28.51
2004-03-04,324600.0,30.1,30.28,28.7,28.7
2004-03-05,479400.0,32.55,33.37,30.239,30.09
2004-03-08,393700.0,32.06,32.95,32.6,31.3
2004-03-09,213800.0,31.99,32.5,32.0,31.84
2004-03-10,361400.0,31.75,33.27,32.89,31.42
2004-03-11,198900.0,31.62,32.59,32.04,31.27
2004-03-12,206400.0,33.2,34.25,31.9,31.26
2004-03-15,149500.0,31.44,33.19,33.19,31.3
2004-03-16,399700.0,29.8,32.02,31.52,29.27
2004-03-17,221200.0,30.98,31.39,29.71,29.71
2004-03-18,106900.0,30.98,31.68,31.05,30.41
2004-03-19,68900.0,31.0,31.41,31.09,30.82
2004-03-22,192100.0,31.09,31.36,31.36,30.47
2004-03-23,123500.0,31.02,31.69,31.25,30.61
2004-03-24,93900.0,31.72,32.11,30.99,30.9
2004-03-25,324700.0,33.87,34.0,31.84,31.51
2004-03-26,288500.0,33.93,34.97,33.74,33.25
2004-03-29,312300.0,35.53,35.95,34.33,33.51
2004-03-30,146900.0,36.49,36.68,35.68,34.79
2004-03-31,126400.0,36.23,36.99,36.01,36.0
2004-04-01,149000.0,35.84,36.64,36.1,35.2
2004-04-02,318500.0,35.49,36.25,35.48,35.48
2004-04-05,274700.0,33.69,35.54,35.2,33.69
2004-04-06,438200.0,33.05,33.97,33.69,32.45
2004-04-07,352800.0,32.04,33.01,32.835,31.4
2004-04-08,151100.0,33.99,34.3,32.12,32.01
2004-04-12,83700.0,33.74,34.5,34.0,33.15
2004-04-13,136700.0,32.87,33.92,33.92,32.5
2004-04-14,112500.0,31.76,32.72,32.72,31.49
2004-04-15,283300.0,31.58,32.51,32.15,31.5
2004-04-16,278200.0,30.5,31.9,31.5,30.5
2004-04-19,134600.0,29.99,30.55,30.4,29.6
2004-04-20,348800.0,28.6,30.5,29.901,28.33
2004-04-21,186200.0,30.38,30.4,28.74,28.43
2004-04-22,200700.0,31.5,32.98,30.55,30.3
2004-04-23,323600.0,32.6,32.81,31.01,30.55
2004-04-26,167400.0,32.25,32.8,32.79,31.06
2004-04-27,127900.0,31.52,32.41,32.26,31.36
2004-04-28,127900.0,30.02,31.87,31.87,29.96
2004-04-29,220700.0,30.35,30.69,30.46,29.69
2004-04-30,163500.0,29.19,30.49,30.49,28.35
2004-05-03,216300.0,31.3,31.48,29.34,29.34
2004-05-04,169400.0,30.0,31.48,31.48,29.91
2004-05-05,165800.0,30.14,30.43,30.36,29.75
2004-05-06,120500.0,30.13,30.13,30.06,28.93
2004-05-07,94900.0,30.11,30.86,30.09,29.6
2004-05-10,174600.0,28.45,30.0,30.0,28.37
2004-05-11,49100.0,29.1,29.73,28.61,28.61
2004-05-12,166600.0,29.04,29.49,28.74,27.291
2004-05-13,198000.0,29.33,29.51,28.48,28.48
2004-05-14,186100.0,28.3,29.23,29.22,28.02
2004-05-17,107400.0,27.86,28.04,28.0,27.27
2004-05-18,239700.0,28.13,28.42,27.86,27.8
2004-05-19,83200.0,28.62,29.729,28.04,28.04
2004-05-20,82900.0,28.93,29.28,28.5,28.46
2004-05-21,77400.0,29.41,29.5,29.25,28.6
2004-05-24,217800.0,30.25,30.54,29.6,29.45
2004-05-25,160300.0,32.08,32.14,30.34,29.97
2004-05-26,60700.0,32.09,32.47,31.99,31.87
2004-05-27,47800.0,31.52,32.5,32.01,31.27
2004-05-28,55800.0,31.55,31.7,31.39,30.48
2004-06-01,186900.0,32.25,32.6,31.66,30.27
2004-06-02,57800.0,31.27,32.57,32.57,31.22
2004-06-03,67300.0,30.74,31.44,31.44,30.0
2004-06-04,119200.0,31.81,31.82,31.34,30.12
2004-06-07,65500.0,31.85,31.85,31.67,30.78
2004-06-08,57700.0,31.83,32.08,31.71,31.01
2004-06-09,32400.0,31.1,31.79,31.79,31.06
2004-06-10,159900.0,31.93,32.05,31.12,30.97
2004-06-14,182000.0,30.76,31.7,31.21,30.65
2004-06-15,227300.0,31.54,31.86,30.86,30.86
2004-06-16,129900.0,32.0,32.05,31.04,31.04
2004-06-17,49000.0,31.8,31.96,31.45,31.45
2004-06-18,178100.0,32.0,32.5,31.5,31.5
2004-06-21,176400.0,32.5,32.99,31.85,31.85
2004-06-22,65100.0,32.75,32.98,32.69,32.08
2004-06-23,220500.0,34.0,34.026,32.3,32.3
2004-06-24,127800.0,33.04,34.03,33.65,32.75
2004-06-25,627600.0,33.68,33.7,32.75,32.22
2004-06-28,97200.0,33.17,33.78,33.55,32.69
2004-06-29,137200.0,33.79,33.95,32.77,32.77
2004-06-30,108700.0,33.94,33.95,33.95,33.04
2004-07-01,126100.0,33.52,33.95,33.95,33.18
2004-07-02,93400.0,32.81,33.71,33.69,32.51
2004-07-06,124500.0,30.94,32.93,32.5,30.57
2004-07-07,151100.0,30.85,31.8,30.89,30.7
2004-07-08,91000.0,29.64,30.68,30.55,29.59
2004-07-09,64200.0,30.31,30.32,29.65,29.65
2004-07-12,114900.0,29.81,30.34,30.34,29.6
2004-07-13,57500.0,29.75,29.98,29.98,29.61
2004-07-14,72700.0,30.25,30.37,29.85,29.2
2004-07-15,201600.0,29.4,30.4,30.4,28.61
2004-07-16,318100.0,29.38,29.81,29.8,29.0
2004-07-19,159200.0,28.56,29.86,29.74,28.01
2004-07-20,164600.0,29.0,29.34,28.47,28.43
2004-07-21,127300.0,28.15,29.42,29.0,27.88
2004-07-22,173100.0,28.29,28.31,27.88,27.3
2004-07-23,198400.0,28.15,28.46,28.4,28.0
2004-07-26,237900.0,26.59,28.41,28.0,26.51
2004-07-27,195100.0,28.2,28.2,26.5,26.5
2004-07-28,152100.0,28.16,28.37,28.37,26.8
2004-07-29,946500.0,31.78,34.75,30.43,30.2
2004-07-30,268100.0,32.5,32.97,31.99,31.12
2004-08-02,235300.0,32.09,32.9,32.38,30.85
2004-08-03,121900.0,31.42,31.95,31.71,30.85
2004-08-04,102500.0,31.01,31.79,31.23,30.88
2004-08-05,101500.0,30.9,31.58,31.0,30.85
2004-08-06,147800.0,30.0,30.76,30.75,29.96
2004-08-09,132700.0,29.71,30.59,29.92,29.7
2004-08-10,67300.0,30.5,30.5,29.721,29.721
2004-08-11,200900.0,29.2,30.0,29.68,28.52
2004-08-12,82300.0,29.84,30.06,29.03,28.95
2004-08-13,72100.0,29.76,30.14,29.98,29.65
2004-08-16,81600.0,30.0,30.48,29.75,29.75
2004-08-17,124700.0,30.2,30.8,30.5,29.76
2004-08-18,121300.0,31.71,31.74,30.11,29.9
2004-08-19,168500.0,32.45,32.45,31.46,31.34
2004-08-20,246600.0,32.9,33.27,32.47,32.05
2004-08-23,114300.0,32.41,33.169,33.04,32.1
2004-08-24,110300.0,31.77,32.87,32.51,31.07
2004-08-25,50900.0,32.16,32.29,31.52,31.42
2004-08-26,48400.0,31.64,32.06,32.03,31.37
2004-08-27,75500.0,31.23,31.74,31.13,31.09
2004-08-30,49700.0,31.55,31.63,31.06,31.05
2004-08-31,75000.0,31.79,31.939,31.63,31.47
2004-09-01,111900.0,31.86,32.45,31.6,31.05
2004-09-02,56100.0,31.83,32.13,31.61,31.06
2004-09-03,37500.0,31.44,31.87,31.82,31.13
2004-09-07,84100.0,31.19,31.5,31.32,29.72
2004-09-08,52800.0,30.49,31.23,31.23,30.4
2004-09-09,58500.0,30.61,30.73,30.4,30.4
2004-09-10,75700.0,30.66,30.92,30.4,30.26
2004-09-13,29000.0,30.44,30.95,30.48,30.27
2004-09-14,78000.0,30.03,30.39,30.25,29.71
2004-09-15,86600.0,30.96,31.1,30.02,29.61
2004-09-16,67900.0,30.99,31.39,31.05,30.65
2004-09-17,71400.0,31.0,31.19,31.14,30.14
2004-09-20,48400.0,30.31,31.06,30.875,30.14
2004-09-21,20100.0,30.76,31.0,30.25,30.25
2004-09-22,108200.0,31.15,31.4,30.66,29.9
2004-09-23,42100.0,31.27,31.42,30.65,30.65
2004-09-24,40700.0,30.98,31.59,31.49,30.98
2004-09-27,43600.0,30.3,31.16,30.7,30.089
2004-09-28,38000.0,31.0,31.08,30.18,30.18
2004-09-29,44500.0,30.45,31.4,31.22,30.32
2004-09-30,89500.0,30.77,31.06,30.3,29.91
2004-10-01,74800.0,31.44,31.5,30.63,30.1
2004-10-04,121200.0,32.53,32.86,31.36,31.36
2004-10-05,95700.0,33.47,33.47,32.6,32.46
2004-10-06,65700.0,33.6,33.9,33.39,32.92
2004-10-07,230300.0,33.72,33.93,33.63,32.75
2004-10-08,75000.0,33.05,33.85,33.85,32.8
2004-10-11,50600.0,33.58,33.84,32.85,32.85
2004-10-12,350600.0,35.25,35.51,33.51,32.9
2004-10-13,183100.0,35.12,35.4,35.4,34.67
2004-10-14,87200.0,34.81,35.07,34.79,33.69
2004-10-15,103400.0,34.75,35.33,34.46,33.73
2004-10-18,202400.0,35.5,35.5,34.55,33.91
2004-10-19,294000.0,36.8,36.95,35.22,35.06
2004-10-20,226800.0,36.14,36.52,35.93,35.68
2004-10-21,138200.0,37.58,37.7,35.87,35.66
2004-10-22,135600.0,36.3,37.58,37.23,35.7
2004-10-25,193100.0,35.5,36.41,35.97,35.3
2004-10-26,474300.0,37.42,37.97,37.72,36.08
2004-10-27,231100.0,38.89,39.0,37.73,37.16
2004-10-28,198800.0,38.26,38.73,38.06,36.86
2004-10-29,128400.0,37.69,38.65,38.65,36.45
2004-11-01,153700.0,37.15,37.8,37.5,36.02
2004-11-02,178300.0,36.6,37.64,37.01,35.85
2004-11-03,120600.0,37.0,37.28,36.16,36.16
2004-11-04,67300.0,37.0,37.29,36.77,36.41
2004-11-05,431600.0,36.66,36.76,36.45,35.62
2004-11-08,176500.0,37.11,37.58,36.0,35.61
2004-11-09,137100.0,37.76,37.76,36.97,36.62
2004-11-10,214200.0,37.7,37.83,37.71,37.2
2004-11-11,110300.0,38.75,38.75,37.8,37.58
2004-11-12,293800.0,40.39,40.55,38.55,37.89
2004-11-15,238900.0,40.1,40.6,40.16,39.52
2004-11-16,115500.0,39.76,40.0,39.61,39.48
2004-11-17,338100.0,40.0,41.38,39.95,39.43
2004-11-18,222900.0,38.74,40.0,40.0,38.06
2004-11-19,114000.0,38.68,39.02,38.72,38.19
2004-11-22,170600.0,37.82,38.67,38.19,36.32
2004-11-23,77700.0,37.91,38.61,37.79,36.83
2004-11-24,174300.0,38.08,38.49,37.64,37.34
2004-11-26,59200.0,37.38,38.2,38.2,37.26
2004-11-29,106400.0,38.5,38.64,37.4,37.4
2004-11-30,106900.0,38.88,38.95,38.49,38.26
2004-12-01,154400.0,38.85,39.83,38.71,37.95
2004-12-02,144700.0,39.6,39.94,38.49,38.49
2004-12-03,85100.0,39.27,39.84,39.84,39.05
2004-12-06,106500.0,39.38,39.85,39.25,38.73
2004-12-07,121700.0,38.82,39.8,39.2,38.82
2004-12-08,228000.0,38.5,38.61,38.37,37.04
2004-12-09,124100.0,38.63,38.7,38.24,37.96
2004-12-10,185600.0,39.29,39.47,38.48,38.09
2004-12-13,121500.0,38.52,39.25,39.25,38.13
2004-12-14,115900.0,39.3,39.5,38.73,38.45
2004-12-15,153800.0,39.02,39.5,38.68,38.68
2004-12-16,301500.0,39.08,40.25,39.31,38.8
2004-12-17,114300.0,39.37,39.75,38.8,38.68
2004-12-20,78800.0,38.95,39.59,39.03,38.8
2004-12-21,97000.0,39.58,39.89,38.82,38.82
2004-12-22,93600.0,39.89,40.44,39.74,39.42
2004-12-23,220700.0,41.38,41.41,39.8,39.67
2004-12-27,175600.0,42.69,42.76,41.25,40.99
2004-12-28,193100.0,42.94,43.35,42.45,42.065
2004-12-29,132000.0,43.1,43.85,43.12,42.3
2004-12-30,66300.0,43.1,43.82,43.27,42.86
2004-12-31,57100.0,42.74,43.2,43.07,42.48
2005-01-03,221200.0,43.22,43.36,43.0,42.13
2005-01-04,210600.0,42.39,43.42,43.25,42.207
2005-01-05,80900.0,41.51,42.2,42.2,41.13
2005-01-06,154700.0,41.86,42.0,41.35,41.35
2005-01-07,61800.0,41.41,41.758,41.45,41.05
2005-01-10,55600.0,42.22,42.57,41.58,41.26
2005-01-11,42700.0,41.77,42.52,42.0,41.68
2005-01-12,138200.0,41.99,42.26,41.68,41.1
2005-01-13,56100.0,41.04,41.93,41.71,40.83
2005-01-14,153800.0,41.47,41.5,41.23,40.95
2005-01-18,134800.0,42.16,42.52,41.02,40.14
2005-01-19,97600.0,42.01,42.01,41.97,41.37
2005-01-20,94200.0,41.89,42.2,41.37,41.37
2005-01-21,52000.0,41.83,42.29,42.16,41.61
2005-01-24,56800.0,41.4,41.56,41.56,41.25
2005-01-25,119900.0,41.01,41.4,41.11,40.68
2005-01-26,68200.0,41.27,41.59,41.0,40.97
2005-01-27,87300.0,41.54,41.99,41.3,41.05
2005-01-28,93500.0,41.0,41.8,41.8,40.54
2005-01-31,69900.0,41.94,42.12,41.0,41.0
2005-02-01,142100.0,42.91,42.91,41.43,41.28
2005-02-02,138600.0,43.92,44.0,42.89,42.32
2005-02-03,33300.0,43.74,43.95,43.8,42.6
2005-02-04,65300.0,44.95,45.0,43.53,42.95
2005-02-07,113500.0,44.03,44.95,44.95,43.83
2005-02-08,58500.0,44.89,45.0,43.9,43.33
2005-02-09,66500.0,44.2,44.99,44.51,44.01
2005-02-10,92200.0,44.35,44.75,44.65,43.0
2005-02-11,72800.0,43.87,44.49,44.1,43.5
2005-02-14,245700.0,43.97,44.0,43.24,42.22
2005-02-15,137100.0,43.69,44.0,42.93,42.29
2005-02-16,199000.0,42.53,43.69,43.51,42.0
2005-02-17,99500.0,42.86,43.0,42.47,42.02
2005-02-18,49600.0,43.26,43.72,42.83,42.5
2005-02-22,83400.0,42.73,43.51,42.79,42.38
2005-02-23,174900.0,44.28,44.9,42.75,42.52
2005-02-24,157800.0,43.78,44.7,43.9,42.95
2005-02-25,88000.0,43.44,44.38,44.0,43.15
2005-02-28,137000.0,43.79,44.26,43.52,43.2
2005-03-01,142200.0,43.28,44.08,43.19,43.15
2005-03-02,153800.0,43.76,44.38,43.22,42.74
2005-03-03,228700.0,44.09,44.12,43.73,43.28
2005-03-04,551200.0,46.27,46.39,43.81,43.76
2005-03-07,269000.0,44.7,45.966,45.73,44.32
2005-03-08,384100.0,43.42,44.47,43.91,43.29
2005-03-09,165100.0,42.75,44.0,43.26,42.67
2005-03-10,126100.0,41.9,43.48,42.8,41.47
2005-03-11,81000.0,41.98,42.62,42.01,41.714
2005-03-14,162500.0,41.93,42.32,41.89,41.58
2005-03-15,258200.0,41.65,41.74,41.26,41.24
2005-03-16,124200.0,41.7,41.7,41.33,41.15
2005-03-17,106800.0,40.83,41.91,41.45,40.76
2005-03-18,164700.0,40.83,41.14,41.14,40.5
2005-03-21,62700.0,41.0,41.37,40.5,40.44
2005-03-22,91800.0,40.67,41.05,41.05,40.53
2005-03-23,87000.0,40.75,40.88,40.64,40.41
2005-03-24,87000.0,41.69,42.25,40.9,40.9
2005-03-28,71300.0,41.3,42.1,41.5,40.85
2005-03-29,131900.0,41.4,41.7,41.0,41.0
2005-03-30,125700.0,42.92,43.26,41.3,40.58
2005-03-31,221300.0,42.34,43.18,42.49,42.04
2005-04-01,174500.0,41.1,41.8,40.66,40.53
2005-04-04,80900.0,40.74,41.08,41.08,39.87
2005-04-05,78000.0,40.31,40.69,40.59,40.05
2005-04-06,55900.0,40.25,40.55,40.26,40.25
2005-04-07,170300.0,39.92,40.35,39.85,39.5
2005-04-08,177600.0,38.99,40.0,39.59,38.75
2005-04-11,261500.0,38.46,39.0,38.83,37.51
2005-04-12,70100.0,38.93,39.0,37.97,37.63
2005-04-13,53300.0,38.68,39.09,38.8,38.53
2005-04-14,107200.0,38.8,39.28,38.54,38.51
2005-04-15,89900.0,38.25,39.02,38.03,38.03
2005-04-18,115600.0,38.75,39.01,37.98,37.98
2005-04-19,95800.0,40.29,40.35,38.82,38.82
2005-04-20,95400.0,39.96,41.27,40.3,39.65
2005-04-21,59200.0,40.94,41.14,40.02,40.02
2005-04-22,72500.0,40.56,40.98,40.65,39.83
2005-04-25,85600.0,40.93,41.68,40.59,40.29
2005-04-26,95300.0,40.5,41.08,40.47,40.1
2005-04-27,170900.0,38.96,41.0,40.4,38.49
2005-04-28,300800.0,37.41,39.54,38.15,37.38
2005-04-29,443800.0,34.98,37.6,37.6,34.58
2005-05-02,360700.0,36.27,36.95,34.67,34.67
2005-05-03,179200.0,34.97,35.91,35.91,34.7
2005-05-04,149000.0,35.69,36.17,34.88,34.57
2005-05-05,144900.0,35.17,35.92,35.87,34.83
2005-05-06,78100.0,35.58,35.87,35.75,34.82
2005-05-09,513400.0,34.07,35.18,35.0,33.22
2005-05-10,143300.0,33.15,33.97,33.9,32.83
2005-05-11,109300.0,32.73,33.47,32.9,32.48
2005-05-12,177600.0,31.61,32.66,32.65,31.52
2005-05-13,104400.0,32.11,32.36,31.52,31.39
2005-05-16,198200.0,33.79,33.98,31.6,31.55
2005-05-17,478100.0,33.5,34.68,33.82,33.13
2005-05-18,511900.0,35.5,35.859,32.67,32.67
2005-05-19,347500.0,36.37,37.99,37.06,35.96
2005-05-20,285800.0,36.27,36.45,36.38,35.611
2005-05-23,230700.0,36.88,37.92,36.28,36.28
2005-05-24,143100.0,36.5,36.98,36.94,36.28
2005-05-25,99600.0,36.31,37.05,36.69,36.17
2005-05-26,258200.0,37.73,37.73,36.3,36.19
2005-05-27,132100.0,38.07,38.21,37.73,37.32
2005-05-31,154100.0,38.1,38.24,37.79,37.79
2005-06-01,167800.0,38.94,39.29,37.67,37.59
2005-06-02,636000.0,38.76,39.54,38.88,38.61
2005-06-03,47400.0,38.0,39.06,38.65,37.85
2005-06-06,127000.0,37.5,38.02,37.94,37.37
2005-06-07,213200.0,37.23,37.66,37.01,36.0
2005-06-08,114900.0,36.97,37.45,37.21,36.87
2005-06-09,102900.0,36.73,37.3,36.84,36.59
2005-06-10,61500.0,36.66,36.95,36.83,36.5
2005-06-13,69900.0,36.46,36.9,36.45,36.2
2005-06-14,210500.0,36.78,37.5,36.69,36.32
2005-06-15,234500.0,37.19,37.27,36.05,35.79
2005-06-16,1018200.0,43.58,44.32,39.11,39.0
2005-06-17,253000.0,44.11,44.76,43.4,43.4
2005-06-20,219600.0,43.49,44.02,43.07,43.0
2005-06-21,60700.0,43.64,43.84,43.53,43.42
2005-06-22,239900.0,43.87,44.09,43.72,43.43
2005-06-23,157900.0,42.74,43.81,43.76,42.68
2005-06-24,256100.0,41.83,42.73,42.73,40.61
2005-06-27,153200.0,42.25,43.38,41.41,41.41
2005-06-28,145000.0,43.7,43.754,42.39,42.36
2005-06-29,72200.0,43.63,43.98,43.5,43.23
2005-06-30,113100.0,43.34,43.93,43.62,42.85
2005-07-01,138900.0,42.87,42.9,42.38,41.8
2005-07-05,131100.0,43.16,43.39,42.53,42.14
2005-07-06,83000.0,42.81,43.38,43.12,42.56
2005-07-07,109800.0,43.21,43.22,41.43,41.42
2005-07-08,91200.0,44.46,44.58,42.83,42.83
2005-07-11,256200.0,44.61,44.75,44.55,44.33
2005-07-12,90500.0,44.56,44.72,44.54,44.2
2005-07-13,50200.0,44.53,44.55,44.47,44.0
2005-07-14,49300.0,44.24,44.6,44.6,43.88
2005-07-15,38600.0,44.555,44.58,43.81,43.81
2005-07-18,121800.0,43.47,44.5,44.5,42.63
2005-07-19,161800.0,43.88,44.17,43.36,43.07
2005-07-20,57100.0,44.2,44.7,43.66,43.63
2005-07-21,88200.0,43.8,44.46,44.19,43.8
2005-07-22,93700.0,44.7,44.7,43.91,43.4
2005-07-25,162900.0,44.49,45.5,44.75,44.46
2005-07-26,97700.0,45.09,45.49,44.53,43.74
2005-07-27,174000.0,45.09,45.4,45.27,44.85
2005-07-28,184700.0,44.53,45.21,44.82,43.3
2005-07-29,103800.0,44.37,44.76,44.4,44.15
2005-08-01,229200.0,43.66,44.49,43.99,43.005
2005-08-02,89500.0,43.42,43.98,43.44,43.13
2005-08-03,372600.0,43.5,43.79,43.0,42.95
2005-08-04,145600.0,43.07,43.9,43.3,42.56
2005-08-05,191600.0,40.91,42.99,42.99,40.79
2005-08-08,140100.0,40.53,41.64,40.82,40.31
2005-08-09,151500.0,39.99,40.92,40.48,39.85
2005-08-10,150900.0,39.84,41.22,40.17,39.43
2005-08-11,130000.0,40.39,40.59,39.77,39.26
2005-08-12,267500.0,39.15,39.86,39.4,38.87
2005-08-15,90200.0,39.55,39.68,38.87,38.87
2005-08-16,192000.0,40.0,40.26,39.35,39.3
2005-08-17,230300.0,40.17,40.25,39.87,39.75
2005-08-18,199700.0,39.75,40.08,39.93,39.7
2005-08-19,81300.0,39.25,39.83,39.68,39.09
2005-08-22,110700.0,38.75,39.64,39.32,38.21
2005-08-23,149000.0,38.75,39.28,38.73,38.11
2005-08-24,71900.0,39.04,39.5,38.9,38.88
2005-08-25,54700.0,39.05,39.31,39.03,38.86
2005-08-26,75100.0,39.11,39.16,39.04,38.82
2005-08-29,72300.0,39.0,39.1,39.1,38.8
2005-08-30,56600.0,38.99,39.16,39.0,38.59
2005-08-31,53200.0,38.97,39.01,38.8,38.27
2005-09-01,174800.0,38.39,40.19,38.8,38.1
2005-09-02,128000.0,38.28,39.4,38.49,38.23
2005-09-06,145400.0,38.54,39.29,38.4,38.32
2005-09-07,191200.0,38.69,38.79,38.15,38.05
2005-09-08,523200.0,41.55,41.99,38.51,38.48
2005-09-09,235200.0,42.54,42.6,41.56,41.56
2005-09-12,262100.0,43.2,44.12,42.39,42.39
2005-09-13,109100.0,42.07,43.34,42.94,41.75
2005-09-14,83800.0,41.76,43.11,42.06,41.6
2005-09-15,130300.0,41.51,42.0,41.57,41.08
2005-09-16,137300.0,42.32,42.35,41.55,41.55
2005-09-19,41600.0,41.5,42.24,42.21,41.09
2005-09-20,57300.0,41.17,41.81,41.32,41.03
2005-09-21,106400.0,40.91,41.22,41.04,40.0
2005-09-22,127300.0,41.23,41.85,40.71,40.23
2005-09-23,56000.0,40.74,41.29,41.14,40.31
2005-09-26,128900.0,42.15,42.99,40.65,40.5
2005-09-27,70900.0,42.12,42.37,41.63,41.14
2005-09-28,72200.0,41.67,42.37,42.33,40.46
2005-09-29,47500.0,41.76,42.16,41.33,41.11
2005-09-30,96600.0,41.65,41.87,41.65,40.77
2005-10-03,87300.0,41.74,42.15,41.35,40.56
2005-10-04,55200.0,41.12,41.99,41.74,41.02
2005-10-05,83900.0,39.73,41.35,40.76,39.5
2005-10-06,98600.0,39.33,39.98,39.43,38.55
2005-10-07,508000.0,37.2,38.84,38.84,35.48
2005-10-10,135600.0,36.58,37.34,37.21,36.5
2005-10-11,166200.0,36.3,36.85,36.45,36.24
2005-10-12,178100.0,36.1,36.68,36.13,35.881
2005-10-13,185100.0,36.1,36.55,36.0,35.93
2005-10-14,141000.0,36.46,36.9,36.11,36.0
2005-10-17,132400.0,37.14,37.27,36.37,36.32
2005-10-18,100600.0,36.85,37.25,37.11,36.8
2005-10-19,128100.0,36.96,37.05,36.93,35.77
2005-10-20,89400.0,36.13,37.05,36.77,35.72
2005-10-21,176900.0,35.31,36.38,36.13,35.21
2005-10-24,166100.0,35.9,36.22,35.42,35.04
2005-10-25,138400.0,36.44,36.45,35.85,35.41
2005-10-26,499200.0,38.02,38.44,37.12,37.05
2005-10-27,153500.0,38.34,38.74,38.7,38.01
2005-10-28,347000.0,36.01,38.38,38.26,36.0
2005-10-31,203800.0,36.89,37.23,36.01,36.01
2005-11-01,82700.0,36.78,37.08,36.48,36.48
2005-11-02,165400.0,37.14,37.55,36.73,36.55
2005-11-03,288900.0,37.84,37.89,37.51,37.0
2005-11-04,136000.0,37.38,38.18,37.79,37.12
2005-11-07,275300.0,38.3,38.44,37.66,37.38
2005-11-08,411100.0,37.38,38.43,38.35,37.37
2005-11-09,951700.0,35.64,37.42,37.42,35.61
2005-11-10,3816500.0,35.99,36.5,35.9,35.9
2005-11-11,629700.0,36.13,36.34,35.81,35.21
2005-11-14,303600.0,35.75,36.17,36.17,35.72
2005-11-15,356500.0,36.11,36.49,35.77,35.55
2005-11-16,223200.0,36.1,36.11,36.09,35.74
2005-11-17,790100.0,37.35,37.35,35.86,35.86
2005-11-18,278400.0,37.45,37.7,37.53,37.01
2005-11-21,563300.0,39.41,39.51,37.35,37.35
2005-11-22,447400.0,40.57,40.69,39.13,38.621
2005-11-23,525400.0,41.26,41.6,40.3,40.3
2005-11-25,77100.0,41.08,41.5,41.5,40.75
2005-11-28,285300.0,40.93,41.14,41.14,40.41
2005-11-29,207000.0,40.69,40.93,40.93,40.33
2005-11-30,364500.0,39.92,40.99,40.73,39.79
2005-12-01,381900.0,40.83,41.03,39.8,39.65
2005-12-02,107800.0,40.74,41.13,41.01,40.29
2005-12-05,379000.0,40.19,40.97,40.57,40.05
2005-12-06,273400.0,40.79,41.63,40.23,40.23
2005-12-07,104800.0,40.69,40.96,40.92,40.33
2005-12-08,382800.0,41.38,41.48,40.48,40.36
2005-12-09,309400.0,41.95,42.36,41.32,41.32
2005-12-12,199800.0,42.53,42.75,42.19,41.93
2005-12-13,137500.0,42.14,42.6,42.5,41.97
2005-12-14,189600.0,42.19,42.33,42.19,41.96
2005-12-15,171200.0,41.56,42.19,41.99,41.5
2005-12-16,275700.0,41.3,41.82,41.66,41.07
2005-12-19,352600.0,40.2,41.33,41.17,40.11
2005-12-20,473500.0,40.53,40.96,40.25,39.27
2005-12-21,133600.0,40.66,40.75,40.66,40.05
2005-12-22,139100.0,41.01,41.11,40.47,40.29
2005-12-23,82100.0,40.7,41.3,40.79,40.65
2005-12-27,190200.0,40.76,41.43,41.0,40.41
2005-12-28,173400.0,40.82,40.98,40.8,39.93
2005-12-29,118800.0,40.76,41.25,40.94,40.46
2005-12-30,178700.0,40.76,40.79,40.4,40.04
2006-01-03,563200.0,41.43,41.95,40.43,40.01
2006-01-04,360600.0,42.45,43.04,41.29,41.25
2006-01-05,288400.0,43.25,43.45,42.67,42.14
2006-01-06,264600.0,43.49,43.673,43.21,43.01
2006-01-09,577700.0,44.11,44.65,43.11,43.11
2006-01-10,361700.0,43.92,44.11,44.0,43.38
2006-01-11,513400.0,44.92,45.12,43.8,43.8
2006-01-12,281700.0,45.33,45.53,44.79,44.79
2006-01-13,438500.0,45.995,46.43,45.15,45.15
2006-01-17,243300.0,46.37,46.49,45.48,45.48
2006-01-18,352500.0,46.57,46.91,45.95,45.4
2006-01-19,376400.0,47.34,47.52,46.55,46.07
2006-01-20,349100.0,46.1399,47.3,47.3,45.88
2006-01-23,183900.0,46.2,46.44,46.44,45.99
2006-01-24,218700.0,46.57,46.69,46.0,45.97
2006-01-25,204700.0,46.85,47.25,46.69,46.21
2006-01-26,476300.0,46.61,46.8,46.73,46.15
2006-01-27,324900.0,47.4,47.8,46.45,46.45
2006-01-30,299300.0,47.12,47.48,47.48,46.64
2006-01-31,186300.0,46.93,47.25,46.88,46.66
2006-02-01,243200.0,47.05,47.15,46.57,46.57
2006-02-02,284100.0,46.62,47.04,46.83,46.43
2006-02-03,258000.0,46.49,47.01,46.58,46.27
2006-02-06,176000.0,46.48,46.67,46.23,45.88
2006-02-07,197600.0,46.69,46.87,46.16,46.09
2006-02-08,467600.0,48.0,48.28,46.58,46.58
2006-02-09,839600.0,47.25,47.27,46.23,44.58
2006-02-10,290100.0,47.5,47.72,47.0,46.48
2006-02-13,566000.0,44.97,47.22,47.14,44.83
2006-02-14,399400.0,44.95,45.34,44.78,44.43
2006-02-15,296700.0,45.08,45.08,45.06,44.43
2006-02-16,411400.0,47.05,47.07,45.14,45.14
2006-02-17,191900.0,46.9,47.19,46.96,46.55
2006-02-21,127100.0,46.12,46.98,46.88,46.09
2006-02-22,193100.0,47.27,47.75,46.06,46.06
2006-02-23,574600.0,48.05,49.5,46.78,46.64
2006-02-24,808600.0,50.52,51.2,48.17,47.77
2006-02-27,601000.0,52.16,52.2,50.39,50.26
2006-02-28,952000.0,52.44,52.63,51.85,51.75
2006-03-01,634200.0,52.85,52.9,52.28,51.64
2006-03-02,405800.0,52.51,53.2,52.95,51.71
2006-03-03,445100.0,51.81,52.28,52.21,51.74
2006-03-06,303400.0,51.86,52.25,51.81,51.26
2006-03-07,317400.0,50.8,51.92,51.72,50.15
2006-03-08,427500.0,50.71,50.93,50.49,50.157
2006-03-09,324700.0,51.66,51.79,50.74,50.74
2006-03-10,257500.0,53.54,53.54,51.4,51.4
2006-03-13,572600.0,54.96,56.08,54.98,53.45
2006-03-14,389300.0,55.5,56.4,55.07,55.07
2006-03-15,287500.0,55.16,55.42,55.33,54.21
2006-03-16,208300.0,54.34,55.72,55.31,54.09
2006-03-17,479700.0,56.05,56.65,54.61,54.42
2006-03-20,392800.0,55.49,56.0,55.99,54.89
2006-03-21,250200.0,55.31,56.2,55.31,55.13
2006-03-22,365500.0,56.25,56.37,54.98,54.98
2006-03-23,293300.0,57.53,58.0,56.39,55.7
2006-03-24,916800.0,58.54,60.67,57.94,57.44
2006-03-27,310900.0,58.59,59.04,58.94,58.13
2006-03-28,102200.0,58.3,58.82,58.32,57.87
2006-03-29,946200.0,59.02,59.73,58.63,58.0
2006-03-30,977900.0,61.83,61.89,59.47,58.58
2006-03-31,1040900.0,64.22,64.41,61.44,61.44
2006-04-03,1719400.0,62.1,63.01,62.98,60.71
2006-04-04,1064600.0,59.52,62.39,62.34,59.29
2006-04-05,1452600.0,58.06,59.31,59.25,55.91
2006-04-06,541600.0,60.0,60.04,57.77,57.48
2006-04-07,318900.0,59.01,60.0,59.77,57.9
2006-04-10,438600.0,56.64,59.2,58.96,55.85
2006-04-11,440200.0,56.0,56.95,56.37,55.27
2006-04-12,259600.0,56.89,57.05,56.05,56.0
2006-04-13,321600.0,57.35,58.209,57.13,56.59
2006-04-17,491100.0,56.78,57.72,56.91,55.13
2006-04-18,401000.0,57.15,57.72,56.79,56.79
2006-04-19,380500.0,57.35,58.15,57.38,57.09
2006-04-20,177300.0,57.06,57.66,57.04,57.0
2006-04-21,208700.0,57.52,58.03,57.58,57.17
2006-04-24,686400.0,56.49,58.28,58.0,55.84
2006-04-25,412800.0,57.83,57.91,56.42,56.42
2006-04-26,464800.0,56.43,58.2,57.52,55.35
2006-04-27,1247600.0,62.0,63.82,59.87,58.77
2006-04-28,844200.0,65.9,66.33,61.61,61.61
2006-05-01,873300.0,63.61,65.8,65.57,63.18
2006-05-02,227400.0,62.86,64.27,63.42,62.81
2006-05-03,397800.0,61.54,63.0,62.63,61.13
2006-05-04,232300.0,63.89,64.0,61.43,61.12
2006-05-05,112100.0,63.11,64.32,63.77,63.06
2006-05-08,149100.0,64.56,64.83,62.91,62.72
2006-05-09,164800.0,64.44,65.0,64.19,63.79
2006-05-10,371100.0,65.2,65.92,64.2,64.11
2006-05-11,214800.0,62.54,65.3,65.3,62.35
2006-05-12,426400.0,63.09,63.58,61.8,61.6
2006-05-15,288500.0,62.85,63.0,62.58,61.26
2006-05-16,313200.0,63.39,63.65,62.71,62.46
2006-05-17,326100.0,61.9,63.2,62.71,60.94
2006-05-18,271800.0,59.67,63.33,62.32,59.0
2006-05-19,928500.0,56.97,59.8,59.45,55.93
2006-05-22,585500.0,57.12,58.09,56.7,55.46
2006-05-23,227100.0,56.26,57.38,57.2,56.2
2006-05-24,476900.0,55.25,56.64,56.44,53.47
2006-05-25,678600.0,54.7,55.93,55.52,54.36
2006-05-26,640600.0,58.81,59.31,55.16,54.91
2006-05-30,286600.0,57.65,58.68,58.12,57.05
2006-05-31,313500.0,58.28,58.31,57.9,57.28
2006-06-01,347300.0,60.43,60.55,58.26,56.7
2006-06-02,359600.0,61.03,61.65,60.65,60.08
2006-06-05,248000.0,59.65,61.08,60.5,59.0
2006-06-06,422900.0,59.03,60.53,59.85,58.68
2006-06-07,253800.0,58.73,60.0,59.27,58.69
2006-06-08,587200.0,57.24,58.49,58.49,54.35
2006-06-09,198700.0,56.75,58.65,57.23,55.8
2006-06-12,1661500.0,52.38,53.99,51.751,50.79
2006-06-13,1036000.0,49.24,52.68,52.5,47.82
2006-06-14,562500.0,48.98,50.59,49.11,48.31
2006-06-15,849700.0,51.0,52.14,49.4,49.29
2006-06-16,790800.0,49.67,51.13,51.0,49.08
2006-06-19,382300.0,48.01,50.15,49.96,47.5
2006-06-20,306500.0,47.7,48.51,48.13,47.66
2006-06-21,608900.0,50.96,51.85,47.63,47.51
2006-06-22,261200.0,50.41,51.21,51.0,49.96
2006-06-23,446700.0,51.62,52.14,50.45,49.8036
2006-06-26,219700.0,51.3,52.31,51.87,51.0
2006-06-27,209600.0,50.81,52.0,51.49,50.44
2006-06-28,235400.0,51.12,51.16,51.15,49.48
2006-06-29,499900.0,54.2,55.17,51.27,51.27
2006-06-30,1602500.0,54.86,55.5,52.6,52.5
2006-07-03,106900.0,54.9,55.49,54.19,54.19
2006-07-05,291200.0,53.09,54.75,53.94,52.89
2006-07-06,345700.0,52.58,53.95,53.13,52.3
2006-07-07,372500.0,51.71,52.94,52.33,51.69
2006-07-10,238000.0,50.41,52.06,51.67,49.48
2006-07-11,374000.0,50.62,50.77,50.13,48.61
2006-07-12,349400.0,50.67,51.6,50.55,50.55
2006-07-13,534700.0,48.24,50.87,50.87,48.06
2006-07-14,443100.0,46.89,48.61,48.0,45.93
2006-07-17,654500.0,46.37,47.2,46.54,45.61
2006-07-18,288500.0,47.18,47.66,46.66,46.3
2006-07-19,294400.0,49.23,49.71,47.33,46.97
2006-07-20,151200.0,47.48,49.56,49.17,47.17
2006-07-21,467000.0,46.88,47.71,47.19,46.13
2006-07-24,421700.0,48.35,48.5,47.02,47.02
2006-07-25,311000.0,49.9,50.33,48.55,48.01
2006-07-26,195500.0,50.09,50.64,49.99,48.68
2006-07-27,346900.0,49.01,51.07,50.17,48.8
2006-07-28,612100.0,50.68,51.3299,51.0,49.48
2006-07-31,489400.0,52.38,52.69,51.18,50.5
2006-08-01,452100.0,50.67,52.25,51.78,50.41
2006-08-02,439700.0,52.04,52.2,51.0,50.14
2006-08-03,1526900.0,50.5,50.6,49.72,47.43
2006-08-04,315000.0,49.73,51.0,51.0,49.0
2006-08-07,424900.0,48.8,49.49,49.15,47.33
2006-08-08,454800.0,49.93,50.5,48.82,48.65
2006-08-09,532100.0,50.23,51.81,50.67,49.94
2006-08-10,281700.0,50.2,50.64,49.78,49.36
2006-08-11,273300.0,50.05,50.64,49.78,49.37
2006-08-14,318100.0,50.33,51.125,50.46,49.78
2006-08-15,2570300.0,58.0,58.82,52.53,52.25
2006-08-16,506100.0,59.1,59.21,58.87,57.29
2006-08-17,348400.0,59.37,59.68,58.37,58.37
2006-08-18,250600.0,59.44,59.5,59.13,57.6
2006-08-21,410700.0,57.35,58.94,58.94,57.02
2006-08-22,566400.0,57.13,57.6,57.29,56.5
2006-08-23,542400.0,55.84,57.35,57.01,55.65
2006-08-24,279800.0,57.9,58.2,56.1,56.1
2006-08-25,517500.0,56.82,58.95,57.53,56.37
2006-08-28,280300.0,56.94,57.6,56.68,55.98
2006-08-29,641300.0,57.36,57.43,56.79,55.48
2006-08-30,347300.0,58.37,59.22,57.21,57.21
2006-08-31,279800.0,57.67,58.79,58.79,57.44
2006-09-01,224100.0,58.83,59.39,58.06,57.47
2006-09-05,528100.0,61.69,61.97,58.57,58.55
2006-09-06,738200.0,59.59,61.2,61.02,58.85
2006-09-07,471300.0,60.33,60.81,59.29,58.98
2006-09-08,328200.0,61.3,61.73,60.46,59.8
2006-09-11,408800.0,62.22,62.48,60.8,60.57
2006-09-12,632400.0,61.81,63.0,62.35,61.4
2006-09-13,622600.0,63.21,63.43,61.69,61.69
2006-09-14,383800.0,61.24,64.0,62.99,60.56
2006-09-15,414400.0,61.57,62.34,61.85,61.04
2006-09-18,320000.0,62.05,62.38,60.34,60.34
2006-09-19,519200.0,60.33,62.5,62.21,58.75
2006-09-20,267300.0,60.96,61.86,60.37,60.37
2006-09-21,325100.0,60.04,61.88,61.44,59.6
2006-09-22,191400.0,59.56,59.88,59.75,59.27
2006-09-25,423100.0,62.82,63.28,59.81,59.17
2006-09-26,651600.0,61.56,64.82,62.9,61.49
2006-09-27,1038100.0,59.64,61.38,61.38,59.48
2006-09-28,439100.0,60.01,60.69,59.99,58.97
2006-09-29,353600.0,60.1,61.59,60.09,59.74
2006-10-02,326400.0,59.63,60.18,59.63,58.8
2006-10-03,285600.0,59.24,60.51,59.41,57.85
2006-10-04,384400.0,61.2,61.27,58.59,58.49
2006-10-05,530400.0,63.73,64.0,61.02,61.02
2006-10-06,471900.0,62.93,63.8399,63.31,62.68
2006-10-09,248000.0,63.61,63.97,62.71,62.38
2006-10-10,400200.0,62.28,64.27,64.0,61.76
2006-10-11,624700.0,61.92,63.25,61.79,61.37
2006-10-12,577500.0,63.99,64.3,62.13,61.95
2006-10-13,456400.0,64.51,65.879,64.05,63.7
2006-10-16,360500.0,64.88,65.93,64.21,63.81
2006-10-17,211700.0,64.71,65.17,64.29,63.42
2006-10-18,366800.0,65.37,65.69,64.08,63.69
2006-10-19,404400.0,66.53,67.1,65.23,64.9
2006-10-20,560600.0,67.22,67.87,66.78,66.14
2006-10-23,745800.0,67.92,68.47,67.37,66.5
2006-10-24,320300.0,68.08,68.2,67.98,67.37
2006-10-25,678200.0,68.37,69.13,68.2,67.46
2006-10-26,817700.0,70.65,70.74,66.95,66.95
2006-10-27,342300.0,68.83,70.68,70.21,68.79
2006-10-30,478800.0,68.9,69.55,68.83,68.3
2006-10-31,419800.0,68.4,69.17,68.0,67.9
2006-11-01,417100.0,67.01,68.25,68.02,66.98
2006-11-02,478600.0,67.3,67.52,66.75,66.6
2006-11-03,153800.0,67.68,68.19,67.32,66.9
2006-11-06,339800.0,68.41,68.53,67.76,67.76
2006-11-07,474300.0,69.32,70.3,68.3,68.23
2006-11-08,389200.0,69.89,70.61,68.9,68.36
2006-11-09,502100.0,70.01,70.4,69.92,69.61
2006-11-10,222000.0,70.0,70.22,69.87,69.5
2006-11-13,160600.0,69.99,70.4,69.79,69.6
2006-11-14,670600.0,72.5,72.57,70.09,69.45
2006-11-15,440800.0,73.08,73.92,72.3,72.3
2006-11-16,390300.0,72.29,73.7,73.0,72.03
2006-11-17,239600.0,72.46,72.81,72.26,71.75
2006-11-20,415200.0,74.58,74.71,71.66,71.43
2006-11-21,559900.0,76.45,77.47,74.77,74.72
2006-11-22,235900.0,76.94,77.67,76.63,76.42
2006-11-24,52700.0,76.02,76.91,76.3,76.02
2006-11-27,370600.0,73.95,75.54,75.52,73.59
2006-11-28,274000.0,73.32,73.907,73.35,72.89
2006-11-29,430100.0,74.66,75.7,73.95,73.26
2006-11-30,324800.0,76.5099,77.17,74.66,74.6
2006-12-01,462100.0,74.83,76.18,75.58,73.33
2006-12-04,279900.0,76.33,77.2,74.94,74.41
2006-12-05,263700.0,76.22,77.44,76.84,75.85
2006-12-06,817100.0,78.72,79.47,76.96,76.52
2006-12-07,752700.0,78.42,81.29,79.0,77.69
2006-12-08,391100.0,77.95,78.72,78.47,77.36
2006-12-11,742800.0,79.34,81.6,78.97,78.73
2006-12-12,389400.0,79.23,80.14,79.69,77.75
2006-12-13,589600.0,80.82,81.2,79.98,79.6
2006-12-14,462700.0,82.51,82.99,80.89,80.71
2006-12-15,568400.0,81.9,83.11,82.7,81.61
2006-12-18,587500.0,78.12,81.65,80.76,77.65
2006-12-19,253600.0,77.98,79.15,77.59,77.16
2006-12-20,268900.0,77.0,78.31,77.78,76.68
2006-12-21,262900.0,75.91,77.28,77.2,75.41
2006-12-22,199400.0,75.39,75.8299,75.75,74.7
2006-12-26,152500.0,76.02,76.2,75.13,75.1
2006-12-27,499400.0,78.15,78.95,76.25,76.25
2006-12-28,208200.0,76.37,78.18,78.18,76.0
2006-12-29,221900.0,75.62,76.9,76.37,75.55
2007-01-03,506500.0,75.38,77.69,76.0,75.27
2007-01-04,933400.0,77.2,77.6,74.22,71.95
2007-01-05,378000.0,76.17,77.0,76.69,74.73
2007-01-08,282600.0,75.99,76.32,76.19,75.27
2007-01-09,398500.0,78.18,78.74,76.11,75.42
2007-01-10,514000.0,79.85,80.43,77.9,77.6
2007-01-11,740000.0,82.37,84.38,79.4,79.35
2007-01-12,351800.0,81.93,82.5,82.5,81.44
2007-01-16,959800.0,82.07,82.48,82.01,81.75
2007-01-17,391900.0,81.6,81.98,81.9,80.87
2007-01-18,580400.0,79.54,81.33,81.0,78.01
2007-01-19,480800.0,83.01,83.34,79.54,79.54
2007-01-22,549100.0,81.76,82.71,82.68,80.9
2007-01-23,416800.0,82.99,84.28,81.55,81.35
2007-01-24,457700.0,83.02,83.95,83.29,82.91
2007-01-25,373300.0,82.35,83.55,83.19,81.71
2007-01-26,328600.0,81.69,82.73,82.34,81.01
2007-01-29,317000.0,81.95,83.15,81.54,81.44
2007-01-30,350800.0,83.57,84.81,82.14,82.05
2007-01-31,617400.0,84.07,84.94,83.99,83.08
2007-02-01,386000.0,83.2,85.62,84.15,83.18
2007-02-02,401200.0,83.16,84.41,83.45,83.08
2007-02-05,265500.0,82.69,83.99,83.02,82.52
2007-02-06,299700.0,82.07,83.26,83.24,81.35
2007-02-07,423500.0,84.6,84.8,82.35,81.71
2007-02-08,890800.0,80.84,86.25,84.15,80.55
2007-02-09,669600.0,80.08,81.8,81.0,78.55
2007-02-12,331300.0,80.11,80.18,80.1,79.13
2007-02-13,650300.0,83.55,83.74,80.37,80.24
2007-02-14,1239700.0,86.49,87.72,83.21,82.98
2007-02-15,358400.0,86.02,87.41,86.55,85.0
2007-02-16,281100.0,87.0,87.14,86.02,84.74
2007-02-20,400900.0,87.31,87.78,86.7,85.6
2007-02-21,496100.0,87.18,87.63,86.86,85.71
2007-02-22,550500.0,88.36,88.68,87.1,86.95
2007-02-23,513500.0,88.59,88.83,88.46,87.9
2007-02-26,410500.0,88.56,88.76,88.61,87.63
2007-02-27,888100.0,84.34,87.81,87.81,83.65
2007-02-28,888500.0,82.67,85.15,84.54,81.53
2007-03-01,588300.0,83.14,83.24,81.22,80.31
2007-03-02,569100.0,80.38,83.1,82.32,80.25
2007-03-05,460800.0,79.11,81.76,80.18,79.02
2007-03-06,602700.0,82.86,83.06,79.97,79.74
2007-03-07,448900.0,81.33,83.98,82.91,81.09
2007-03-08,553200.0,83.68,85.22,81.89,81.89
2007-03-09,197000.0,83.22,84.78,84.5,82.61
2007-03-12,188000.0,82.85,83.79,82.92,82.54
2007-03-13,439700.0,81.1,83.2,82.25,80.55
2007-03-14,490800.0,81.99,82.41,80.98,79.68
2007-03-15,406300.0,83.09,83.11,82.09,81.14
2007-03-16,470500.0,81.56,83.74,83.08,81.26
2007-03-19,431500.0,84.5,84.84,82.25,81.83
2007-03-20,456200.0,86.59,86.61,84.5,84.18
2007-03-21,311700.0,88.57,88.75,86.78,85.45
2007-03-22,496100.0,89.63,90.12,88.78,87.11
2007-03-23,361500.0,89.84,90.28,89.79,88.93
2007-03-26,443000.0,90.0,90.25,89.98,87.99
2007-03-27,909000.0,86.18,88.63,87.31,86.0
2007-03-28,1618700.0,85.41,85.82,85.38,83.9
2007-03-29,610900.0,85.83,86.48,86.0,84.8
2007-03-30,514800.0,85.63,86.89,85.89,84.36
2007-04-02,324300.0,85.87,86.47,85.98,85.15
2007-04-03,576800.0,86.6,87.34,86.05,85.88
2007-04-04,351100.0,86.76,87.05,86.74,86.03
2007-04-05,205800.0,87.95,88.24,86.52,86.52
2007-04-09,243800.0,88.89,89.57,88.07,88.03
2007-04-10,346000.0,89.3,89.67,88.75,88.5
2007-04-11,232400.0,88.02,89.64,89.64,88.02
2007-04-12,440500.0,88.75,88.82,88.27,86.91
2007-04-13,327100.0,88.22,88.7,88.53,87.67
2007-04-16,329000.0,89.0,90.53,89.05,88.6
2007-04-17,365200.0,88.72,89.59,88.84,88.33
2007-04-18,337600.0,87.33,88.56,88.5,87.15
2007-04-19,370000.0,85.49,87.28,87.26,85.41
2007-04-20,347900.0,85.67,86.99,85.8,85.19
2007-04-23,168200.0,87.06,87.23,85.44,85.44
2007-04-24,415200.0,87.54,88.3,87.12,86.0
2007-04-25,434300.0,86.14,87.76,87.76,85.84
2007-04-26,966400.0,87.26,90.6,85.97,85.97
2007-04-27,1038300.0,88.49,91.54,86.87,86.44
2007-04-30,1066100.0,83.47,88.96,88.96,83.25
2007-05-01,1189600.0,82.9,83.82,83.27,80.29
2007-05-02,997200.0,83.71,84.11,83.04,82.236
2007-05-03,462000.0,84.41,85.0,83.37,83.37
2007-05-04,669000.0,82.83,84.74,84.68,82.1
2007-05-07,544700.0,81.61,83.02,83.02,80.7
2007-05-08,368200.0,81.37,81.85,81.49,80.6
2007-05-09,420500.0,80.84,81.27,80.93,79.75
2007-05-10,668400.0,81.06,82.26,80.61,80.18
2007-05-11,294100.0,82.53,82.64,80.01,80.01
2007-05-14,417900.0,81.51,82.74,82.38,81.27
2007-05-15,500800.0,78.21,82.21,81.38,78.2
2007-05-16,1209000.0,78.26,78.94,78.6,76.64
2007-05-17,1262200.0,81.24,81.78,78.75,78.09
2007-05-18,652800.0,82.59,82.92,81.54,80.93
2007-05-21,511400.0,84.12,84.53,82.37,82.37
2007-05-22,340500.0,83.99,84.65,84.1,82.85
2007-05-23,457700.0,82.25,85.0,84.08,82.0699
2007-05-24,341500.0,81.33,83.77,82.1,81.1
2007-05-25,239900.0,82.14,82.25,81.51,81.11
2007-05-29,367300.0,83.49,84.11,82.29,81.8
2007-05-30,458000.0,84.6,84.91,82.61,82.47
2007-05-31,1223300.0,87.38,88.36,84.6,84.51
2007-06-01,662400.0,86.54,87.91,87.65,85.72
2007-06-04,323300.0,86.51,86.56,86.52,85.82
2007-06-05,479900.0,87.73,87.81,85.83,85.5115
2007-06-06,465900.0,87.13,87.47,87.05,86.25
2007-06-07,654800.0,85.61,87.21,86.72,85.1
2007-06-08,496600.0,87.75,87.99,85.74,85.06
2007-06-11,263700.0,86.23,87.85,87.85,86.13
2007-06-12,447200.0,84.33,86.34,86.0,84.05
2007-06-13,430800.0,86.11,87.45,84.7,84.18
2007-06-14,338300.0,87.37,88.25,86.2,85.95
2007-06-15,525000.0,88.03,89.32,88.53,87.26
2007-06-18,232500.0,87.49,89.18,88.08,87.11
2007-06-19,263000.0,86.09,87.34,87.05,86.02
2007-06-20,413400.0,84.38,86.54,86.34,84.29
2007-06-21,525300.0,85.03,85.07,84.09,82.63
2007-06-22,496400.0,84.15,85.39,84.83,83.05
2007-06-25,311100.0,84.06,85.15,83.87,82.54
2007-06-26,782100.0,86.64,87.98,84.18,84.0
2007-06-27,372600.0,88.0,88.1999,86.49,85.41
2007-06-28,890400.0,90.39,91.72,88.2,88.1
2007-06-29,763800.0,91.47,93.37,90.93,90.38
2007-07-02,778400.0,95.98,96.23,93.23,92.39
2007-07-03,448600.0,94.49,96.57,96.0,93.75
2007-07-05,318600.0,96.19,96.63,94.39,94.27
2007-07-06,269900.0,95.89,97.0,96.21,95.57
2007-07-09,482000.0,95.85,96.28,95.61,94.9
2007-07-10,531400.0,91.71,95.84,95.62,91.66
2007-07-11,520700.0,91.16,92.79,91.48,90.69
2007-07-12,389200.0,93.25,93.37,91.15,91.02
2007-07-13,327200.0,92.96,94.25,93.47,92.42
2007-07-16,328600.0,91.91,93.33,92.78,91.48
2007-07-17,230400.0,92.29,93.67,91.85,91.42
2007-07-18,346300.0,91.48,92.09,91.59,90.12
2007-07-19,495900.0,94.49,94.78,91.57,91.57
2007-07-20,378000.0,92.68,94.28,94.28,92.19
2007-07-23,224800.0,91.37,93.41,92.99,91.183
2007-07-24,577000.0,88.21,90.51,90.51,87.53
2007-07-25,580200.0,88.57,91.0,88.39,86.17
2007-07-26,1362500.0,90.61,94.79,89.25,88.27
2007-07-27,894800.0,90.19,92.48,90.48,90.12
2007-07-30,828300.0,88.76,92.02,90.44,87.5
2007-07-31,408600.0,86.91,90.48,89.31,86.81
2007-08-01,766700.0,86.94,87.57,86.32,84.85
2007-08-02,1048300.0,88.76,90.22,86.44,86.43
2007-08-03,681600.0,86.59,89.32,88.75,86.16
2007-08-06,759800.0,87.93,88.1899,86.83,85.32
2007-08-07,1529900.0,91.74,92.52,87.78,87.43
2007-08-08,1933800.0,96.15,98.33,91.9,91.9
2007-08-09,1452800.0,96.99,98.15,95.39,92.69
2007-08-10,1200700.0,94.23,96.17,96.0,91.06
2007-08-13,651600.0,93.68,95.0,94.17,91.89
2007-08-14,664100.0,88.93,93.78,93.67,86.63
2007-08-15,450000.0,88.54,90.64,88.14,87.0
2007-08-16,1381300.0,85.98,88.16,87.75,83.56
2007-08-17,1204800.0,87.54,88.35,87.91,85.91
2007-08-20,493900.0,87.48,87.96,87.75,86.01
2007-08-21,637800.0,88.12,89.3799,87.06,86.73
2007-08-22,422900.0,88.39,89.32,89.0,87.58
2007-08-23,626400.0,86.03,88.5,88.5,85.21
2007-08-24,379600.0,87.97,88.31,86.05,86.05
2007-08-27,204300.0,88.41,88.98,87.53,86.85
2007-08-28,438200.0,85.86,89.33,88.4,85.59
2007-08-29,407400.0,88.65,88.77,86.09,85.02
2007-08-30,338700.0,86.32,89.17,88.21,86.0
2007-08-31,255100.0,88.51,89.0,87.08,86.96
2007-09-04,319000.0,89.89,90.85,87.62,87.11
2007-09-05,267900.0,89.63,90.02,89.14,88.48
2007-09-06,392400.0,87.16,90.22,89.73,86.19
2007-09-07,507100.0,88.43,89.42,86.07,85.53
2007-09-10,448300.0,87.62,89.69,88.68,86.39
2007-09-11,913000.0,87.04,88.0,88.0,85.66
2007-09-12,1020800.0,83.52,87.15,86.87,83.12
2007-09-13,1142500.0,81.91,83.72,83.59,80.39
2007-09-14,1807200.0,86.3,87.42,80.4,80.38
2007-09-17,825200.0,86.89,88.09,86.69,85.55
2007-09-18,1214000.0,86.19,87.5,87.19,82.78
2007-09-19,1511200.0,85.79,87.96,86.17,84.77
2007-09-20,1553100.0,84.05,85.59,85.54,83.37
2007-09-21,3806100.0,85.32,85.52,84.7,84.0
2007-09-24,2246500.0,89.95,91.36,85.73,85.16
2007-09-25,1247100.0,89.94,91.0,89.7,89.09
2007-09-26,559900.0,89.09,90.57,90.36,88.6
2007-09-27,656600.0,90.48,92.37,89.85,89.56
2007-09-28,447800.0,88.69,91.0,90.25,88.05
2007-10-01,856000.0,91.98,92.2,88.49,88.49
2007-10-02,524900.0,91.63,92.7,92.01,91.0
2007-10-03,559100.0,92.4299,93.0,91.05,90.0
2007-10-04,549000.0,90.91,92.5,92.5,90.0
2007-10-05,414400.0,93.61,93.99,91.99,91.48
2007-10-08,199600.0,93.35,93.95,93.88,92.05
2007-10-09,689100.0,94.98,95.69,93.43,93.09
2007-10-10,888600.0,97.64,97.88,94.79,94.64
2007-10-11,735500.0,96.65,98.47,98.33,95.9
2007-10-12,443400.0,98.02,98.86,96.41,96.41
2007-10-15,394500.0,98.48,99.25,97.82,97.38
2007-10-16,750900.0,99.24,101.49,98.5,97.6201
2007-10-17,629800.0,101.59,102.97,100.39,100.02
2007-10-18,450100.0,101.07,102.31,101.29,100.5
2007-10-19,604700.0,98.19,101.37,101.07,97.92
2007-10-22,607200.0,102.26,102.85,97.95,97.33
2007-10-23,893700.0,105.86,106.06,103.0,101.37
2007-10-24,901800.0,100.95,104.65,104.65,98.93
2007-10-25,911200.0,97.0,102.0,101.69,96.93
2007-10-26,748900.0,99.83,100.12,97.9,97.62
2007-10-29,351400.0,102.01,102.48,100.26,99.35
2007-10-30,737900.0,99.62,102.7,101.67,99.02
2007-10-31,3758100.0,116.66,121.13,112.7,112.0
2007-11-01,1071300.0,114.34,118.0,116.43,112.55
2007-11-02,705000.0,114.69,117.08,115.13,111.38
2007-11-05,591500.0,112.41,114.68,112.92,111.38
2007-11-06,428700.0,113.69,114.07,113.03,111.18
2007-11-07,1083700.0,115.57,121.07,112.53,112.35
2007-11-08,977600.0,114.05,119.7,117.92,107.71
2007-11-09,925100.0,109.11,113.42,112.27,108.88
2007-11-12,877400.0,100.59,109.0,109.0,100.49
2007-11-13,790600.0,108.6,108.91,103.16,102.6
2007-11-14,528100.0,104.16,109.46,108.84,103.37
2007-11-15,930100.0,101.0,104.2,103.87,99.87
2007-11-16,803300.0,104.36,104.51,101.21,99.73
2007-11-19,634700.0,101.01,104.06,102.89,99.32
2007-11-20,508400.0,101.03,102.8,101.0,98.2
2007-11-21,546400.0,100.48,102.32,100.24,98.17
2007-11-23,196200.0,102.52,103.08,101.07,101.07
2007-11-26,655500.0,99.97,105.99,103.11,99.88
2007-11-27,868600.0,100.0,101.35,100.68,95.75
2007-11-28,606300.0,106.38,106.98,102.99,101.51
2007-11-29,405200.0,105.19,107.89,105.92,103.61
2007-11-30,502900.0,104.11,108.0,106.91,103.3
2007-12-03,399500.0,103.64,105.49,103.04,102.27
2007-12-04,344300.0,101.45,104.06,101.64,100.53
2007-12-05,719500.0,107.23,107.92,103.89,102.64
2007-12-06,426900.0,110.46,110.97,107.24,105.58
2007-12-07,443100.0,107.0,110.0,110.0,106.0
2007-12-10,496600.0,104.35,109.08,107.48,104.24
2007-12-11,962600.0,99.67,104.82,104.8075,99.29
2007-12-12,710500.0,99.3,104.09,102.26,97.5
2007-12-13,567600.0,98.08,100.01,98.07,97.2
2007-12-14,600200.0,98.59,101.27,96.86,96.12
2007-12-17,398400.0,93.32,98.85,97.96,93.17
2007-12-18,718500.0,96.8,98.0,94.37,93.9
2007-12-19,451300.0,95.77,98.8,96.49,95.54
2007-12-20,463300.0,97.88,98.06,96.3,95.74
2007-12-21,1107900.0,101.76,104.83,99.67,99.67
2007-12-24,127500.0,103.0,104.22,101.78,99.87
2007-12-26,305400.0,104.63,105.48,102.27,101.15
2007-12-27,323200.0,102.05,106.41,104.72,101.76
2007-12-28,188600.0,102.11,104.61,103.09,101.25
2007-12-31,266600.0,101.07,102.38,101.21,100.2
2008-01-02,506100.0,98.62,102.74,100.05,97.5
2008-01-03,583600.0,99.62,100.46,99.02,97.76
2008-01-04,498300.0,94.67,100.44,98.14,94.67
2008-01-07,1339900.0,88.8,96.11,95.32,87.71
2008-01-08,1125900.0,87.79,92.56,89.97,87.6
2008-01-09,1124200.0,86.07,89.1099,87.71,81.6466
2008-01-10,1014300.0,87.93,89.1,85.0,85.0
2008-01-11,1294300.0,86.78,91.4,90.57,85.73
2008-01-14,783400.0,86.42,88.7,87.88,85.59
2008-01-15,789600.0,83.96,85.48,85.03,83.6
2008-01-16,1331100.0,81.15,83.78,82.95,77.35
2008-01-17,1573200.0,76.5,81.815,80.9,75.23
2008-01-18,1218000.0,74.33,79.79,76.91,73.9
2008-01-22,1923400.0,72.33,73.64,71.86,69.32
2008-01-23,1726400.0,71.28,72.63,70.22,66.55
2008-01-24,1466900.0,77.59,78.48,71.96,71.53
2008-01-25,1053600.0,75.58,80.56,78.87,74.84
2008-01-28,507400.0,76.56,76.83,75.27,72.82
2008-01-29,724800.0,73.66,77.29,76.88,73.31
2008-01-30,777800.0,72.9,74.93,72.91,71.85
2008-01-31,931900.0,75.53,76.87,71.43,71.43
2008-02-01,938600.0,76.63,77.63,75.68,74.08
2008-02-04,821700.0,75.08,77.95,76.21,74.34
2008-02-05,1061500.0,72.1,76.22,74.22,71.71
2008-02-06,660100.0,69.65,73.0,72.83,69.2
2008-02-07,1161800.0,69.55,71.15,69.53,67.21
2008-02-08,1164900.0,69.29,72.52,72.33,67.7
2008-02-11,1782500.0,70.69,70.89,69.18,67.06
2008-02-12,1147500.0,72.65,75.5,71.2,70.75
2008-02-13,1747500.0,72.75,74.5,73.9,72.02
2008-02-14,4740300.0,77.15,81.49,80.0,76.97
2008-02-15,1172300.0,74.91,76.74,76.29,73.85
2008-02-19,750400.0,71.97,75.76,75.6,71.52
2008-02-20,1466900.0,69.36,71.61,71.61,67.5
2008-02-21,1187200.0,70.02,70.855,69.69,69.07
2008-02-22,1178400.0,70.44,72.04,70.75,68.75
2008-02-25,918200.0,70.03,71.21,70.08,69.0
2008-02-26,906200.0,69.85,70.5,69.42,68.77
2008-02-27,832600.0,70.19,70.27,69.08,68.77
2008-02-28,1499000.0,72.06,72.89,70.0,69.785
2008-02-29,1039100.0,69.35,71.47,71.21,68.57
2008-03-03,786500.0,68.14,69.5,68.76,67.39
2008-03-04,1669700.0,64.5,67.84,67.29,62.41
2008-03-05,2086000.0,61.53,65.06,64.55,61.1
2008-03-06,1641800.0,60.2,61.91,61.43,60.18
2008-03-07,1932000.0,61.05,61.75,60.24,59.59
2008-03-10,1458900.0,59.82,63.31,61.5,59.64
2008-03-11,1621000.0,63.53,63.55,60.89,60.45
2008-03-12,1895700.0,64.33,66.96,63.65,63.48
2008-03-13,898000.0,64.51,65.24,63.75,61.86
2008-03-14,1519100.0,64.49,67.68,64.94,62.9
2008-03-17,1214700.0,60.56,63.57,63.0,59.36
2008-03-18,2258000.0,63.88,64.86,60.59,59.67
2008-03-19,1036100.0,60.52,63.9,63.9,60.05
2008-03-20,1963100.0,57.78,60.94,60.92,57.26
2008-03-24,1756400.0,64.64,66.76,58.0,58.0
2008-03-25,1494200.0,68.32,68.36,64.78,64.25
2008-03-26,1610900.0,68.8,69.62,67.86,67.58
2008-03-27,997700.0,68.18,69.66,69.2,67.86
2008-03-28,774800.0,66.68,69.77,69.77,66.09
2008-03-31,625100.0,66.49,67.51,66.65,65.81
2008-04-01,951400.0,69.31,69.44,67.3,66.72
2008-04-02,1334900.0,70.77,73.0,69.15,69.11
2008-04-03,654300.0,70.6,71.24,69.99,68.74
2008-04-04,1182100.0,74.02,74.47,70.8,70.02
2008-04-07,726800.0,72.12,74.0,73.75,71.5401
2008-04-08,373900.0,72.73,73.07,71.12,70.34
2008-04-09,525300.0,71.4,72.93,72.8,70.79
2008-04-10,564900.0,74.17,75.13,71.52,70.63
2008-04-11,613500.0,72.19,73.14,73.14,71.0
2008-04-14,538800.0,70.57,72.19,71.56,70.03
2008-04-15,654700.0,69.89,72.43,70.98,69.39
2008-04-16,866500.0,73.65,73.89,70.8,70.3
2008-04-17,753900.0,73.82,74.41,73.47,71.84
2008-04-18,1679500.0,79.19,79.4,75.74,75.58
2008-04-21,1586200.0,82.07,82.43,79.33,78.85
2008-04-22,1904200.0,79.56,82.11,81.6,79.07
2008-04-23,1768100.0,81.28,82.19,80.83,78.41
2008-04-24,3979800.0,86.53,91.09,89.9,86.3
2008-04-25,1204000.0,89.77,90.06,86.9,86.0
2008-04-28,1338000.0,93.02,93.49,89.06,88.76
2008-04-29,1567600.0,90.12,93.8,93.01,89.47
2008-04-30,993400.0,90.42,92.62,90.17,88.52
2008-05-01,634900.0,91.2,92.0,91.54,89.43
2008-05-02,866000.0,89.85,93.9225,91.99,88.55
2008-05-05,949100.0,88.65,90.28,89.1,87.25
2008-05-06,862300.0,88.34,88.71,87.94,87.21
2008-05-07,677100.0,87.59,90.24,88.3,87.12
2008-05-08,430000.0,88.66,89.1,87.79,87.66
2008-05-09,461100.0,88.39,89.39,87.6,87.6
2008-05-12,471500.0,89.18,89.43,88.87,86.781
2008-05-13,726200.0,88.31,90.5,89.43,86.0
2008-05-14,422800.0,88.29,90.47,88.48,88.09
2008-05-15,361800.0,89.99,90.56,88.12,87.67
2008-05-16,427100.0,89.11,90.55,90.47,87.15
2008-05-19,650900.0,89.04,90.59,88.83,87.21
2008-05-20,519600.0,89.76,90.32,88.46,88.02
2008-05-21,917000.0,88.73,92.55,90.17,87.37
2008-05-22,579700.0,87.5,89.42,89.42,84.2
2008-05-23,294900.0,86.38,87.13,86.93,85.1
2008-05-27,290300.0,89.01,89.4,86.39,86.39
2008-05-28,884500.0,91.93,92.18,89.32,89.225
2008-05-29,1117000.0,93.82,97.47,91.83,91.83
2008-05-30,572000.0,95.49,96.03,94.09,94.03
2008-06-02,589500.0,94.04,95.41,95.28,92.78
2008-06-03,1106500.0,96.76,96.9,94.03,94.01
2008-06-04,575000.0,97.64,99.0999,96.34,95.47
2008-06-05,573500.0,99.63,99.95,97.89,97.48
2008-06-06,523400.0,97.64,99.55,98.87,97.11
2008-06-09,765300.0,95.28,97.85,97.11,93.51
2008-06-10,791800.0,93.14,95.26,94.85,91.78
2008-06-11,623900.0,92.98,94.19,92.53,92.06
2008-06-12,531300.0,93.78,96.31,93.91,93.11
2008-06-13,706700.0,95.49,96.72,94.67,94.59
2008-06-16,604200.0,95.28,96.35,94.94,94.07
2008-06-17,482300.0,96.96,98.1,95.29,94.37
2008-06-18,564600.0,97.92,99.76,96.88,96.88
2008-06-19,868900.0,100.75,101.0,97.86,97.05
2008-06-20,912900.0,96.53,100.72,96.4,95.25
2008-06-23,599600.0,94.86,97.13,96.68,94.5
2008-06-24,927600.0,91.57,95.0,94.28,91.11
2008-06-25,652100.0,93.0,95.0,91.59,91.49
2008-06-26,1480900.0,88.81,91.42,91.23,86.19
2008-06-27,4422700.0,90.66,90.94,88.78,85.8
2008-06-30,1199800.0,89.22,90.84,90.84,88.58
2008-07-01,1698400.0,85.98,88.11,88.11,83.93
2008-07-02,831000.0,85.02,87.43,85.62,83.91
2008-07-03,572400.0,84.83,86.41,84.79,82.13
2008-07-07,809300.0,83.51,87.25,84.34,82.08
2008-07-08,1306500.0,84.09,84.65,83.86,79.51
2008-07-09,812200.0,82.52,86.73,84.6,82.34
2008-07-10,1321800.0,82.7,83.88,82.19,80.51
2008-07-11,850100.0,85.56,87.49,83.27,81.57
2008-07-14,580200.0,84.39,87.27,85.81,83.39
2008-07-15,1376900.0,87.32,89.58,84.74,83.01
2008-07-16,836100.0,91.09,91.68,87.94,86.09
2008-07-17,1173500.0,93.4,93.74,91.59,90.89
2008-07-18,676000.0,92.6,93.84,93.32,91.28
2008-07-21,381900.0,91.39,93.38,93.38,90.77
2008-07-22,1244800.0,90.25,91.32,89.69,88.09
2008-07-23,1959200.0,92.67,94.0,90.25,90.13
2008-07-24,3092900.0,92.75,93.9,90.26,84.0
2008-07-25,1163200.0,93.84,95.23,92.26,91.9
2008-07-28,2106800.0,85.39,94.88,94.88,84.65
2008-07-29,1123500.0,85.87,87.5,85.31,85.31
2008-07-30,1120800.0,84.12,87.93,86.67,82.76
2008-07-31,1585900.0,81.36,84.12,82.74,80.85
2008-08-01,1247300.0,80.25,82.2,82.2,78.38
2008-08-04,1879000.0,76.32,80.86,80.86,75.5
2008-08-05,2555400.0,75.01,77.05,76.75,73.0
2008-08-06,1496100.0,78.72,79.5,74.73,73.57
2008-08-07,1132600.0,76.43,79.16,77.99,75.82
2008-08-08,908600.0,78.92,79.48,75.68,75.68
2008-08-11,1531200.0,81.62,84.32,77.61,77.61
2008-08-12,1154400.0,77.49,81.65,81.26,76.79
2008-08-13,1237400.0,76.67,77.88,77.85,75.18
2008-08-14,643400.0,78.62,78.99,75.23,75.01
2008-08-15,850600.0,78.73,80.6,78.62,78.11
2008-08-18,514400.0,77.59,79.23,78.79,76.5
2008-08-19,639600.0,76.72,77.62,76.96,75.865
2008-08-20,555200.0,76.03,77.21,76.9,75.3
2008-08-21,627900.0,75.31,76.35,75.27,74.36
2008-08-22,468800.0,76.85,77.409,75.58,75.53
2008-08-25,692000.0,77.07,77.36,76.41,74.76
2008-08-26,604300.0,77.45,78.79,76.99,75.8
2008-08-27,746300.0,79.05,79.97,77.82,76.4
2008-08-28,660900.0,80.26,80.81,80.0,78.93
2008-08-29,684900.0,80.5,81.11,79.8,78.75
2008-09-02,680400.0,80.95,82.66,81.22,79.89
2008-09-03,879800.0,80.15,82.42,80.43,78.05
2008-09-04,901400.0,77.5,80.31,80.0,76.57
2008-09-05,850400.0,77.49,78.47,77.53,75.0
2008-09-08,1131100.0,77.51,79.95,79.69,74.72
2008-09-09,1052300.0,74.08,79.685,77.99,73.59
2008-09-10,2690700.0,72.67,74.5,74.48,68.44
2008-09-11,1624400.0,76.09,76.31,71.94,70.93
2008-09-12,732500.0,76.93,77.48,74.86,74.19
2008-09-15,1205700.0,72.25,75.35,73.25,71.28
2008-09-16,1125400.0,74.87,75.95,71.33,70.66
2008-09-17,1103600.0,72.65,74.58,73.04,70.23
2008-09-18,1917000.0,76.65,77.45,72.74,68.55
2008-09-19,2203900.0,84.61,90.0,79.91,78.395
2008-09-22,554100.0,79.94,86.49,84.15,79.76
2008-09-23,928000.0,76.46,82.24,79.54,76.25
2008-09-24,788700.0,74.5,77.16,74.61,73.79
2008-09-25,429000.0,76.37,77.58,74.9,74.4
2008-09-26,696900.0,73.48,75.37,74.05,72.89
2008-09-29,1451900.0,65.71,72.31,72.31,63.45
2008-09-30,878800.0,69.46,70.84,68.33,66.35
2008-10-01,679400.0,67.59,69.08,68.28,65.81
2008-10-02,2065700.0,65.29,68.5,66.76,64.94
2008-10-03,1742300.0,61.98,67.36,65.42,61.79
2008-10-06,2195000.0,57.49,59.2934,58.03,54.17
2008-10-07,1342900.0,54.23,59.24,57.67,53.92
2008-10-08,1597900.0,56.94,59.46,53.46,52.61
2008-10-09,930900.0,55.0,60.32,57.88,53.29
2008-10-10,1590900.0,54.58,57.18,53.35,49.88
2008-10-13,1006800.0,61.71,62.04,54.66,54.66
2008-10-14,1298400.0,58.72,64.48,62.76,57.45
2008-10-15,588700.0,53.68,58.12,57.37,53.0
2008-10-16,1310000.0,53.96,54.23,53.39,48.25
2008-10-17,1297400.0,56.71,59.16,52.84,52.49
2008-10-20,1129400.0,61.45,62.36,58.43,57.6
2008-10-21,1110600.0,58.75,61.35,61.35,57.42
2008-10-22,1457400.0,53.83,58.5,58.4,52.87
2008-10-23,2824800.0,53.0,58.28,57.08,49.69
2008-10-24,1975500.0,53.0,55.24,49.86,47.0
2008-10-27,745600.0,51.67,54.01,52.43,51.02
2008-10-28,1635200.0,56.91,57.2,53.46,51.4
2008-10-29,1787800.0,59.61,61.15,57.79,56.55
2008-10-30,1765800.0,62.65,64.0,62.26,61.05
2008-10-31,809900.0,62.42,63.62,61.02,61.0
2008-11-03,513500.0,62.87,64.75,62.49,61.98
2008-11-04,1160800.0,66.82,67.01,63.83,63.56
2008-11-05,803800.0,63.67,67.1,65.97,63.16
2008-11-06,949200.0,59.74,65.98,64.23,59.1
2008-11-07,814700.0,62.81,63.65,59.75,59.24
2008-11-10,592600.0,61.85,64.77,63.34,60.91
2008-11-11,903100.0,58.95,60.75,60.65,58.05
2008-11-12,1682600.0,52.24,58.03,57.64,51.44
2008-11-13,1947600.0,54.62,54.7,52.19,46.95
2008-11-14,803000.0,52.91,55.55,54.11,51.88
2008-11-17,1195400.0,49.65,54.54,51.89,48.5
2008-11-18,1421500.0,47.46,50.79,50.2,46.84
2008-11-19,2605800.0,41.14,47.66,47.66,40.41
2008-11-20,3407800.0,36.8,40.89,40.75,35.87
2008-11-21,2559000.0,35.14,40.53,37.97,32.72
2008-11-24,1732400.0,40.69,41.52,36.76,35.2
2008-11-25,1239500.0,40.93,41.1,41.1,38.6
2008-11-26,1843000.0,44.85,45.71,40.04,39.8
2008-11-28,403500.0,45.41,46.06,44.31,43.28
2008-12-01,1328000.0,41.38,45.95,44.13,41.3
2008-12-02,1319200.0,41.84,44.47,42.72,41.05
2008-12-03,1657100.0,46.15,46.63,41.04,40.64
2008-12-04,1379500.0,46.5,48.42,44.74,44.66
2008-12-05,1226600.0,48.6,49.2,45.46,44.52
2008-12-08,1538500.0,52.15,52.95,49.59,49.45
2008-12-09,1158900.0,50.34,52.38,51.68,48.8
2008-12-10,676600.0,50.16,51.56,50.96,49.55
2008-12-11,1236100.0,49.53,52.5,50.11,48.91
2008-12-12,615700.0,50.3,50.72,48.75,48.51
2008-12-15,750700.0,49.71,51.35,50.07,47.95
2008-12-16,961600.0,52.11,52.53,49.71,49.25
2008-12-17,1287200.0,54.94,55.64,50.72,50.28
2008-12-18,1134600.0,53.87,56.62,55.64,52.81
2008-12-19,893200.0,54.08,55.02,54.83,53.14
2008-12-22,736900.0,51.38,54.09,53.16,50.27
2008-12-23,355300.0,51.33,53.18,52.17,50.26
2008-12-24,161100.0,51.62,51.88,51.09,50.49
2008-12-26,218500.0,52.3,52.61,51.33,51.11
2008-12-29,556300.0,51.03,52.4499,51.91,50.29
2008-12-30,650800.0,52.48,52.48,51.76,50.45
2008-12-31,652400.0,53.19,54.08,52.26,51.64
2009-01-02,784700.0,57.56,57.59,53.62,52.5
2009-01-05,1411000.0,59.27,60.74,57.42,57.42
2009-01-06,1415500.0,62.89,63.06,60.62,59.9
2009-01-07,1025000.0,58.09,61.66,61.35,57.5
2009-01-08,683500.0,59.29,59.38,58.1,56.95
2009-01-09,540700.0,57.99,60.71,59.46,57.45
2009-01-12,515300.0,55.62,57.88,57.6,54.83
2009-01-13,709200.0,56.36,58.15,56.06,55.65
2009-01-14,760100.0,52.73,56.44,55.82,52.42
2009-01-15,1261700.0,52.61,53.75,52.48,49.49
2009-01-16,534400.0,53.71,54.56,53.91,52.1001
2009-01-20,694000.0,48.79,53.46,52.64,48.58
2009-01-21,561200.0,53.24,53.34,49.73,49.552
2009-01-22,702100.0,50.69,52.83,51.87,49.78
2009-01-23,560000.0,51.91,52.9,49.73,48.87
2009-01-26,572800.0,53.2,54.47,52.35,52.35
2009-01-27,464000.0,53.36,54.9315,53.22,52.54
2009-01-28,941200.0,57.42,57.59,54.41,54.33
2009-01-29,795900.0,56.16,58.69,56.57,55.84
2009-01-30,745300.0,53.35,57.08,55.85,52.6
2009-02-02,912200.0,54.86,55.49,53.56,52.28
2009-02-03,875200.0,53.8,55.34,54.84,52.64
2009-02-04,583800.0,54.76,56.11,54.82,54.16
2009-02-05,924700.0,57.6,58.1,53.69,53.23
2009-02-06,1013700.0,60.71,61.26,57.95,57.6
2009-02-09,497600.0,60.84,61.05,60.42,59.63
2009-02-10,1314100.0,58.61,62.02,60.98,57.78
2009-02-11,1044500.0,58.1,60.03,58.71,56.1209
2009-02-12,4125100.0,52.88,54.32,54.1,50.61
2009-02-13,1636800.0,51.26,53.54,52.98,50.84
2009-02-17,1599400.0,48.58,50.58,49.85,48.35
2009-02-18,1947800.0,46.56,48.95,48.72,45.41
2009-02-19,1326900.0,45.62,47.93,46.73,45.27
2009-02-20,1167700.0,44.86,45.61,45.0,43.72
2009-02-23,1214300.0,43.01,45.49,44.9,42.61
2009-02-24,1289600.0,45.47,46.26,43.67,43.33
2009-02-25,1041500.0,44.61,45.57,44.99,43.2
2009-02-26,1164500.0,45.53,47.24,44.79,44.76
2009-02-27,1077900.0,46.41,46.88,44.53,44.32
2009-03-02,1055400.0,42.9,45.9,45.05,42.24
2009-03-03,1022500.0,42.87,43.79,42.94,41.77
2009-03-04,1395300.0,45.11,45.9,43.49,43.49
2009-03-05,977700.0,43.12,44.64,43.61,42.28
2009-03-06,1471800.0,42.95,43.27,43.24,41.36
2009-03-09,841000.0,42.26,44.36,42.34,41.96
2009-03-10,1430900.0,46.39,46.63,44.62,43.42
2009-03-11,1111100.0,47.86,48.93,46.95,46.75
2009-03-12,1369900.0,50.98,51.25,48.06,46.7
2009-03-13,957800.0,51.61,51.86,50.47,50.27
2009-03-16,856900.0,50.0,51.88,51.58,49.83
2009-03-17,760600.0,52.75,52.82,50.0,49.9306
2009-03-18,907300.0,54.31,55.33,52.62,51.5
2009-03-19,1141300.0,51.74,55.27,54.94,51.44
2009-03-20,1001200.0,49.51,51.81,51.78,48.77
2009-03-23,1151800.0,53.22,53.22,50.2,50.0
2009-03-24,778400.0,54.02,54.5,51.87,51.87
2009-03-25,1312800.0,56.27,57.44,52.9,52.9
2009-03-26,1018100.0,57.68,57.7,55.0,55.0
2009-03-27,622100.0,57.15,58.04,56.14,55.32
2009-03-30,642300.0,55.67,56.32,56.32,54.77
2009-03-31,738700.0,56.15,57.92,56.01,55.6027
2009-04-01,943800.0,57.62,57.75,55.77,55.05
2009-04-02,1378300.0,61.82,62.31,58.2,58.2
2009-04-03,1220800.0,63.63,64.32,62.32,61.18
2009-04-06,959300.0,61.61,63.005,62.85,60.34
2009-04-07,1189000.0,59.22,60.71,60.35,59.05
2009-04-08,949800.0,62.14,62.26,60.2,59.0
2009-04-09,802400.0,63.79,64.247,63.0,62.99
2009-04-13,706900.0,63.35,64.0,63.03,62.6305
2009-04-14,730100.0,61.94,63.61,62.67,60.81
2009-04-15,754200.0,60.58,62.17,61.06,59.78
2009-04-16,774000.0,63.9,64.42,62.0,61.32
2009-04-17,1089200.0,65.48,66.2,63.9,63.52
2009-04-20,738500.0,61.12,64.81,63.91,60.77
2009-04-21,897700.0,62.45,62.91,60.72,60.2
2009-04-22,1258700.0,62.26,64.81,62.0,61.16
2009-04-23,2302900.0,66.35,67.28,62.32,61.4
2009-04-24,1625100.0,68.72,69.86,67.65,66.74
2009-04-27,1122900.0,68.52,69.84,68.35,66.66
2009-04-28,718900.0,68.21,69.45,66.73,66.63
2009-04-29,1024500.0,70.39,71.6599,69.43,69.09
2009-04-30,1069400.0,70.23,72.56,71.8,68.47
2009-05-01,763200.0,71.36,71.8,69.54,69.05
2009-05-04,1029500.0,75.38,75.619,71.98,71.895
2009-05-05,1008100.0,74.15,76.15,75.31,72.68
2009-05-06,1914700.0,70.05,73.31,72.72,69.63
2009-05-07,1857900.0,66.17,70.79,70.25,65.55
2009-05-08,918700.0,68.58,68.61,67.88,65.76
2009-05-11,728300.0,67.6,68.31,66.93,66.19
2009-05-12,874200.0,66.34,68.49,67.6,65.3
2009-05-13,654000.0,64.8,66.35,65.25,64.72
2009-05-14,902700.0,65.64,66.11,65.05,63.92
2009-05-15,887000.0,64.03,66.0,64.95,63.69
2009-05-18,1096100.0,68.36,68.43,65.25,64.43
2009-05-19,909800.0,69.0,69.49,67.61,67.31
2009-05-20,1353000.0,70.08,72.5,68.86,68.86
2009-05-21,667600.0,68.19,69.53,69.53,67.27
2009-05-22,1117500.0,70.02,72.01,71.74,69.73
2009-05-26,681000.0,71.71,71.98,68.89,68.89
2009-05-27,589400.0,71.93,73.76,71.53,70.34
2009-05-28,846700.0,73.98,74.2,72.27,71.72
2009-05-29,1258500.0,74.4,74.64,73.42,72.3
2009-06-01,891600.0,76.49,76.78,73.72,73.72
2009-06-02,1039400.0,77.71,77.95,74.53,74.32
2009-06-03,924400.0,75.56,77.61,76.99,74.72
2009-06-04,753800.0,75.91,76.83,76.57,74.76
2009-06-05,822800.0,75.91,77.45,76.94,75.34
2009-06-08,2021700.0,71.76,72.48,71.73,70.73
2009-06-09,3434400.0,72.5,73.26,71.65,70.19
2009-06-10,1194700.0,72.11,73.5599,71.91,70.86
2009-06-11,643900.0,73.09,73.57,72.64,71.93
2009-06-12,917300.0,71.6,72.8526,71.92,70.19
2009-06-15,755300.0,69.92,71.27,70.54,69.54
2009-06-16,654400.0,68.79,70.47,70.27,68.0
2009-06-17,859500.0,69.19,70.1,68.45,66.82
2009-06-18,662500.0,70.45,70.89,69.54,68.8099
2009-06-19,750100.0,72.1,72.35,71.46,71.08
2009-06-22,953600.0,69.08,72.66,71.72,68.79
2009-06-23,1072500.0,68.1,69.62,69.24,67.6
2009-06-24,924100.0,68.93,69.9,69.25,68.32
2009-06-25,1357400.0,69.8,70.33,69.1,68.61
2009-06-26,1277200.0,70.7,70.89,69.81,69.13
2009-06-29,1107900.0,69.08,71.63,70.29,68.75
2009-06-30,6282300.0,72.74,73.47,69.7,69.49
2009-07-01,1291100.0,72.71,74.14,73.01,72.71
2009-07-02,947300.0,71.43,72.06,71.86,70.95
2009-07-06,779000.0,71.02,71.31,71.0,69.19
2009-07-07,1136200.0,68.65,70.76,70.6,68.37
2009-07-08,3484100.0,67.19,68.91,68.6,63.69
2009-07-09,1538200.0,67.24,67.96,67.32,65.71
2009-07-10,636200.0,67.53,68.0,66.96,66.63
2009-07-13,783700.0,68.75,68.79,67.73,66.45
2009-07-14,883400.0,70.55,70.73,68.73,67.9775
2009-07-15,1098600.0,73.28,73.59,71.7,71.7
2009-07-16,611300.0,74.32,74.94,72.84,72.57
2009-07-17,596600.0,74.16,74.88,74.63,73.24
2009-07-20,978800.0,76.43,76.79,74.44,74.03
2009-07-21,853100.0,76.63,77.79,76.89,74.93
2009-07-22,1194300.0,77.59,78.19,76.47,75.57
2009-07-23,2017900.0,79.29,80.46,80.0,79.01
2009-07-24,864600.0,79.27,79.37,78.8,77.77
2009-07-27,539100.0,79.34,79.5,79.03,77.59
2009-07-28,707700.0,78.27,79.78,78.55,77.88
2009-07-29,1067200.0,79.56,79.8,78.3,77.83
2009-07-30,877100.0,80.92,82.69,80.98,80.66
2009-07-31,581400.0,81.73,82.43,81.01,80.55
2009-08-03,599100.0,82.89,82.98,81.01,81.01
2009-08-04,1247300.0,81.42,83.29,82.62,80.54
2009-08-05,706100.0,82.27,82.64,81.45,80.6525
2009-08-06,459200.0,81.49,82.87,81.82,80.67
2009-08-07,461800.0,82.55,83.01,82.5,81.47
2009-08-10,381900.0,81.73,82.83,81.65,80.74
2009-08-11,437900.0,80.96,81.99,81.99,80.37
2009-08-12,329500.0,81.53,82.27,81.31,81.31
2009-08-13,322100.0,81.77,82.54,82.0,80.51
2009-08-14,424100.0,80.42,81.99,81.8,79.87
2009-08-17,611800.0,78.65,80.2,78.98,78.19
2009-08-18,656900.0,80.87,81.37,79.7,78.92
2009-08-19,468700.0,81.39,81.86,79.83,79.54
2009-08-20,814300.0,84.17,84.45,81.31,80.74
2009-08-21,895500.0,86.98,87.19,84.89,84.61
2009-08-24,702400.0,86.73,88.65,86.73,86.28
2009-08-25,328400.0,86.29,88.35,87.64,86.16
2009-08-26,691300.0,84.95,86.55,86.55,83.66
2009-08-27,526700.0,84.82,85.0,85.0,82.73
2009-08-28,271500.0,84.72,86.27,86.1,83.57
2009-08-31,405300.0,84.37,84.44,84.04,82.66
2009-09-01,664700.0,82.03,85.72,83.5,81.63
2009-09-02,401500.0,81.99,82.22,81.62,81.25
2009-09-03,334100.0,83.14,83.3,81.88,81.51
2009-09-04,342400.0,83.91,84.37,82.99,82.67
2009-09-08,454500.0,84.03,84.72,84.43,83.36
2009-09-09,502400.0,86.79,87.06,83.73,83.46
2009-09-10,389400.0,87.52,87.79,86.39,86.39
2009-09-11,598800.0,89.31,89.49,87.45,86.84
2009-09-14,375000.0,88.98,89.06,88.49,87.96
2009-09-15,749800.0,90.51,90.97,90.81,89.6
2009-09-16,926500.0,94.43,94.82,91.28,90.62
2009-09-17,462700.0,93.8,94.9,93.75,93.09
2009-09-18,571200.0,91.72,94.45,94.14,91.59
2009-09-21,330400.0,92.71,93.4499,91.6,90.8267
2009-09-22,458700.0,92.38,93.59,93.33,91.015
2009-09-23,310100.0,91.77,93.23,92.4,91.25
2009-09-24,411100.0,90.41,91.83,91.65,89.47
2009-09-25,305300.0,89.51,91.12,89.99,89.03
2009-09-28,271300.0,91.27,92.62,90.0,89.74
2009-09-29,241300.0,91.2,91.63,90.92,90.07
2009-09-30,368200.0,92.0,92.54,90.91,89.18
2009-10-01,495000.0,89.38,92.45,91.98,89.03
2009-10-02,407200.0,88.21,89.11,88.78,88.0
2009-10-05,276900.0,89.8,89.99,88.31,87.38
2009-10-06,725100.0,92.89,93.0,90.29,89.98
2009-10-07,837400.0,95.12,95.18,92.9,92.0
2009-10-08,895700.0,95.41,98.0,95.17,94.75
2009-10-09,396600.0,95.63,96.0,94.91,94.8
2009-10-12,374700.0,94.98,96.84,96.84,94.35
2009-10-13,265800.0,96.16,96.37,95.16,95.16
2009-10-14,473700.0,97.85,98.18,96.98,96.91
2009-10-15,563200.0,97.84,97.99,96.83,96.39
2009-10-16,463000.0,98.71,99.3,97.31,97.28
2009-10-19,453100.0,98.39,99.5,98.38,98.01
2009-10-20,414000.0,98.19,99.58,99.05,97.62
2009-10-21,853600.0,97.75,100.2,98.05,97.45
2009-10-22,3671700.0,94.15,99.79,95.7,93.81
2009-10-23,1333400.0,92.29,94.3315,94.0,91.2
2009-10-26,859900.0,91.65,94.2,91.94,91.02
2009-10-27,978400.0,90.62,91.99,91.62,89.84
2009-10-28,1108500.0,87.87,90.56,89.41,87.32
2009-10-29,876600.0,87.87,89.6,88.98,87.62
2009-10-30,1061300.0,85.32,88.15,87.71,85.317
2009-11-02,1162300.0,86.63,86.99,85.39,84.59
2009-11-03,760400.0,88.9,89.0,86.22,85.52
2009-11-04,855800.0,90.21,92.1299,90.25,89.93
2009-11-05,627700.0,92.02,92.5,91.25,89.75
2009-11-06,962800.0,94.29,94.69,90.89,89.52
2009-11-09,843200.0,95.75,96.3,95.48,94.42
2009-11-10,642400.0,95.53,96.9,95.0,94.54
2009-11-11,478200.0,95.7,97.34,95.88,95.15
2009-11-12,430400.0,94.38,96.8,96.06,94.1
2009-11-13,294200.0,95.1,95.3,94.55,93.82
2009-11-16,420900.0,97.18,97.65,95.59,95.45
2009-11-17,332900.0,96.59,97.48,95.91,95.24
2009-11-18,469400.0,96.4,96.5289,96.25,95.5
2009-11-19,543500.0,95.34,96.2,96.11,93.83
2009-11-20,406700.0,94.95,95.0,94.97,93.9
2009-11-23,484400.0,96.66,97.65,95.79,95.3
2009-11-24,360000.0,96.7,96.7,96.18,95.23
2009-11-25,469200.0,97.48,97.74,96.82,95.56
2009-11-27,356800.0,97.28,98.0,94.79,93.48
2009-11-30,495600.0,96.19,97.27,96.9,94.63
2009-12-01,926500.0,99.73,100.05,97.88,96.19
2009-12-02,555800.0,98.63,100.8699,99.73,98.46
2009-12-03,699600.0,100.65,102.23,99.2,99.0
2009-12-04,733900.0,100.85,103.44,101.19,99.92
2009-12-07,418400.0,101.06,101.93,100.1,99.74
2009-12-08,633800.0,102.52,103.5,100.49,98.81
2009-12-09,523100.0,103.02,103.405,102.38,101.5
2009-12-10,387600.0,101.68,103.55,103.47,101.5
2009-12-11,875700.0,101.63,102.68,102.42,101.29
2009-12-14,583400.0,105.66,105.66,101.86,101.5
2009-12-15,821900.0,106.01,107.15,105.7,104.18
2009-12-16,584400.0,106.37,108.14,106.1,105.78
2009-12-17,419100.0,104.62,106.45,106.45,104.32
2009-12-18,923800.0,106.49,106.68,105.87,103.34
2009-12-21,463000.0,107.31,108.0,107.21,106.56
2009-12-22,251300.0,107.06,107.32,107.32,105.66
2009-12-23,285100.0,107.76,108.0,107.07,106.9275
2009-12-24,68200.0,108.11,108.4,107.54,107.11
2009-12-28,350200.0,107.96,109.21,108.4,107.53
2009-12-29,195500.0,108.0,108.43,107.82,107.217
2009-12-30,344700.0,106.84,108.4499,107.31,106.6014
2009-12-31,374200.0,106.15,107.38,106.74,106.15
2010-01-04,576300.0,109.56,109.62,106.52,106.51
2010-01-05,681900.0,108.54,109.59,109.59,108.38
2010-01-06,1397500.0,109.53,110.57,108.95,108.22
2010-01-07,797200.0,107.29,110.3542,109.25,106.6387
2010-01-08,432400.0,106.77,107.28,106.8,105.9
2010-01-11,568400.0,107.65,108.15,106.97,106.7
2010-01-12,948100.0,103.29,107.65,106.6,102.96
2010-01-13,704100.0,103.08,104.36,102.25,102.25
2010-01-14,954700.0,104.12,104.77,103.32,103.32
2010-01-15,814600.0,102.11,104.484,104.38,101.55
2010-01-19,616400.0,103.93,104.16,101.87,101.6
2010-01-20,411500.0,103.45,104.03,102.85,101.97
2010-01-21,788700.0,103.37,106.26,103.19,103.12
2010-01-22,1259200.0,99.02,104.26,103.2,98.67
2010-01-25,550500.0,100.09,101.1,99.76,99.1001
2010-01-26,657900.0,99.46,100.19,99.4,98.77
2010-01-27,713500.0,99.25,99.58,98.9,97.82
2010-01-28,380100.0,97.76,99.17,99.17,95.86
2010-01-29,715000.0,96.23,99.71,98.12,96.0
2010-02-01,1243200.0,95.85,97.82,96.69,95.3
2010-02-02,1431100.0,96.58,97.24,95.91,94.68
2010-02-03,737000.0,96.0,97.29,96.52,95.28
2010-02-04,997600.0,92.72,95.75,95.33,92.55
2010-02-05,877000.0,92.99,93.12,92.88,90.49
2010-02-08,633300.0,91.76,93.38,92.99,91.76
2010-02-09,994900.0,93.01,93.6,92.97,91.58
2010-02-10,1237200.0,93.01,94.31,92.73,92.4
2010-02-11,2107900.0,95.23,95.73,93.23,91.17
2010-02-12,934600.0,95.89,95.92,94.51,93.2
2010-02-16,753400.0,95.76,96.11,95.98,94.68
2010-02-17,502500.0,96.18,96.25,95.83,94.86
2010-02-18,560000.0,95.03,96.53,95.42,94.32
2010-02-19,492000.0,95.01,95.46,94.58,94.5
2010-02-22,535400.0,94.51,94.98,94.84,93.72
2010-02-23,827100.0,93.23,94.81,94.1,93.13
2010-02-24,554400.0,94.83,94.9,93.72,93.34
2010-02-25,862400.0,94.33,94.39,93.82,92.7008
2010-02-26,642000.0,94.47,94.56,94.56,93.59
2010-03-01,835300.0,97.8,97.91,94.99,94.48
2010-03-02,609800.0,98.21,99.07,97.86,97.45
2010-03-03,612300.0,97.13,98.77,98.18,96.98
2010-03-04,505000.0,98.75,99.0,97.08,96.97
2010-03-05,1460100.0,102.74,103.19,98.98,98.37
2010-03-08,841800.0,102.62,104.23,103.08,102.4
2010-03-09,519400.0,102.3,102.81,102.56,101.5
2010-03-10,785900.0,103.06,103.51,102.03,101.39
2010-03-11,552700.0,104.44,104.44,102.72,102.41
2010-03-12,527000.0,104.16,105.1,104.54,103.83
2010-03-15,794400.0,102.06,104.74,103.82,101.73
2010-03-16,455200.0,102.01,102.63,102.0,101.35
2010-03-17,614800.0,104.46,105.24,102.34,102.32
2010-03-18,353200.0,103.87,104.95,104.8,103.47
2010-03-19,573100.0,102.69,104.5899,104.22,102.21
2010-03-22,930400.0,101.95,102.6,102.3,101.14
2010-03-23,1527000.0,102.01,102.72,101.83,100.82
2010-03-24,1484000.0,100.09,102.49,101.21,99.529
2010-03-25,953700.0,98.95,100.92,100.45,98.84
2010-03-26,1181700.0,96.45,99.29,99.29,96.19
2010-03-29,955000.0,97.09,98.16,96.52,96.18
2010-03-30,539600.0,97.97,98.35,97.32,97.24
2010-03-31,645100.0,97.34,98.33,97.41,97.02
2010-04-01,776200.0,98.9,100.0,98.33,97.94
2010-04-05,662300.0,101.61,102.52,98.68,98.55
2010-04-06,887500.0,101.45,103.0,101.49,99.97
2010-04-07,532500.0,101.63,102.165,101.21,100.695
2010-04-08,345700.0,101.89,102.26,101.6,100.21
2010-04-09,459300.0,102.66,102.92,101.89,101.31
2010-04-12,502900.0,102.98,103.0,102.32,102.02
2010-04-13,827400.0,101.21,102.82,102.33,100.44
2010-04-14,642600.0,101.35,101.5975,100.67,100.33
2010-04-15,471800.0,100.46,102.28,101.44,100.425
2010-04-16,747700.0,99.62,100.63,99.78,98.95
2010-04-19,1214600.0,97.85,99.44,99.02,96.49
2010-04-20,514400.0,99.26,99.5,98.13,97.93
2010-04-21,819300.0,100.62,101.83,98.68,98.68
2010-04-22,2774700.0,96.08,98.55,96.98,93.2
2010-04-23,541900.0,95.74,96.55,96.52,94.79
2010-04-26,2289700.0,103.21,103.88,98.94,98.94
2010-04-27,1085700.0,102.34,104.14,102.41,101.36
2010-04-28,1127500.0,100.1,102.55,102.5,98.16
2010-04-29,786500.0,101.35,101.46,100.62,98.32
2010-04-30,1232600.0,100.65,101.61,101.61,100.1
2010-05-03,1085300.0,103.29,103.35,100.27,100.26
2010-05-04,1235300.0,100.15,102.55,102.24,99.61
2010-05-05,2809200.0,95.11,99.49,99.46,93.12
2010-05-06,2054700.0,92.45,96.62,94.7,87.95
2010-05-07,1315500.0,91.45,93.27,92.45,89.45
2010-05-10,2054500.0,98.38,99.23,95.46,95.4
2010-05-11,1029600.0,98.5,99.72,97.68,97.4
2010-05-12,756700.0,99.25,100.0,99.21,98.38
2010-05-13,3444100.0,101.68,107.44,98.89,98.83
2010-05-14,958800.0,99.65,101.77,101.0,98.55
2010-05-17,512900.0,98.74,100.55,99.84,97.52
2010-05-18,722600.0,96.57,99.715,99.0,95.79
2010-05-19,823400.0,96.84,98.49,96.53,95.31
2010-05-20,1313900.0,92.27,95.66,94.76,92.05
2010-05-21,1217500.0,92.17,93.7,91.45,90.52
2010-05-24,775200.0,91.51,93.249,91.81,91.42
2010-05-25,714200.0,90.84,91.06,89.85,87.86
2010-05-26,884800.0,91.34,94.26,91.45,91.1
2010-05-27,678400.0,93.97,94.17,93.47,92.0
2010-05-28,962200.0,92.01,94.55,93.52,90.75
2010-06-01,1069700.0,88.73,92.47,90.92,88.67
2010-06-02,1031400.0,91.46,91.57,88.6,88.53
2010-06-03,932800.0,91.17,93.22,91.45,91.03
2010-06-04,1379600.0,86.89,90.38,89.96,86.73
2010-06-07,1719600.0,82.81,87.16,86.6,82.47
2010-06-08,2224500.0,80.88,82.74,82.74,78.72
2010-06-09,2227200.0,83.1,87.25,83.79,82.47
2010-06-10,1456800.0,84.6,84.81,84.0,83.23
2010-06-11,1169200.0,84.65,85.47,84.35,83.1
2010-06-14,1360400.0,82.44,85.45,85.11,82.17
2010-06-15,1490000.0,85.05,85.11,82.65,82.4
2010-06-16,1623400.0,86.06,87.33,84.96,84.72
2010-06-17,701200.0,84.45,86.47,85.92,83.99
2010-06-18,813800.0,84.87,84.9,84.07,83.57
2010-06-21,1815700.0,85.07,86.44,85.42,84.61
2010-06-22,921500.0,83.08,85.32,84.99,82.98
2010-06-23,1163500.0,83.74,84.02,82.96,82.16
2010-06-24,1169100.0,82.88,83.6,83.6,82.45
2010-06-25,996700.0,84.1,84.59,83.03,82.62
2010-06-28,789300.0,83.5,84.44,84.25,83.14
2010-06-29,892300.0,79.45,82.66,82.5,79.13
2010-06-30,888000.0,81.22,82.55,79.49,79.17
2010-07-01,986000.0,79.39,81.32,80.41,78.24
2010-07-02,431900.0,78.69,79.84,79.59,78.37
2010-07-06,450200.0,78.57,80.89,80.0,77.85
2010-07-07,2129700.0,79.41,80.16,76.87,76.29
2010-07-08,1346200.0,82.49,82.82,80.17,80.0
2010-07-09,730400.0,83.62,84.0,82.23,80.67
2010-07-12,517400.0,82.29,83.636,83.15,81.4
2010-07-13,922900.0,84.92,85.34,83.17,82.66
2010-07-14,1318500.0,85.2,85.66,85.16,84.12
2010-07-15,995000.0,86.03,86.16,85.04,84.02
2010-07-16,1039100.0,82.24,85.825,85.34,82.04
2010-07-19,459300.0,83.05,83.32,82.72,81.95
2010-07-20,543600.0,84.37,84.58,81.9,80.97
2010-07-21,742900.0,84.72,85.4,84.64,84.35
2010-07-22,748900.0,86.51,87.03,85.45,85.27
2010-07-23,1078900.0,88.81,89.05,86.39,85.16
2010-07-26,1075500.0,90.84,90.96,88.85,88.83
2010-07-27,1269400.0,90.45,92.29,91.44,89.09
2010-07-28,1122600.0,88.06,90.98,90.38,87.47
2010-07-29,2699700.0,93.82,94.25,91.44,91.05
2010-07-30,1448500.0,93.51,93.84,92.21,90.95
2010-08-02,933000.0,94.01,94.16,93.99,92.87
2010-08-03,838700.0,94.04,94.19,93.55,93.11
2010-08-04,684800.0,94.23,94.71,94.3,93.8
2010-08-05,953200.0,94.0,94.5,93.94,93.07
2010-08-06,1575700.0,93.38,94.59,93.04,92.35
2010-08-09,677800.0,93.87,94.74,94.02,92.99
2010-08-10,708000.0,94.3,94.64,92.91,91.73
2010-08-11,974000.0,90.71,93.53,92.56,90.61
2010-08-12,734500.0,89.96,90.98,90.98,89.16
2010-08-13,415300.0,89.83,90.71,89.49,89.49
2010-08-16,578600.0,90.08,90.84,89.13,88.51
2010-08-17,433400.0,90.56,91.61,90.65,89.97
2010-08-18,369100.0,90.47,91.28,90.37,89.73
2010-08-19,766300.0,90.17,90.75,89.84,89.34
2010-08-20,588300.0,90.02,90.18,89.75,89.55
2010-08-23,690400.0,90.0,90.51,90.27,89.78
2010-08-24,1138000.0,88.98,90.48,88.78,88.78
2010-08-25,855000.0,90.24,90.61,88.5,88.44
2010-08-26,471000.0,89.25,91.75,90.49,88.81
2010-08-27,559700.0,91.37,91.585,90.04,88.69
2010-08-30,479500.0,90.57,91.37,90.7,90.4
2010-08-31,580200.0,91.21,91.801,89.68,89.67
2010-09-01,655800.0,93.7,95.0,92.0,91.64
2010-09-02,622200.0,95.95,96.26,93.25,92.68
2010-09-03,563300.0,96.94,97.41,96.14,95.21
2010-09-07,232800.0,94.9,96.86,96.16,94.74
2010-09-08,535100.0,94.6,96.05,94.99,94.55
2010-09-09,368400.0,95.25,96.08,95.01,94.46
2010-09-10,388400.0,94.53,95.66,95.61,94.28
2010-09-13,548500.0,96.14,97.03,95.31,94.65
2010-09-14,481700.0,95.78,96.23,96.23,95.36
2010-09-15,364800.0,95.73,96.74,95.14,95.14
2010-09-16,400200.0,95.2,96.37,95.83,94.79
2010-09-17,1165300.0,96.72,97.68,95.25,94.62
2010-09-20,550800.0,98.205,98.5,97.05,96.5
2010-09-21,679600.0,99.54,99.63,98.13,97.5
2010-09-22,402200.0,99.04,99.52,99.01,98.45
2010-09-23,932200.0,100.63,102.22,98.13,98.13
2010-09-24,793300.0,102.24,103.4,102.23,101.7799
2010-09-27,875900.0,102.52,103.85,102.47,102.29
2010-09-28,617800.0,103.16,103.4,102.53,100.61
2010-09-29,440500.0,103.31,104.09,102.28,102.28
2010-09-30,515700.0,102.35,104.435,103.5,100.99
2010-10-01,588900.0,102.84,103.3089,102.35,101.255
2010-10-04,565400.0,101.1,103.24,102.54,100.69
2010-10-05,4947900.0,105.09,105.09,101.96,101.94
2010-10-06,30574200.0,70.34,80.78,79.455,69.42
2010-10-07,11092800.0,75.0,75.66,71.7499,70.6
2010-10-08,3856900.0,74.92,76.47,75.0,73.05
2010-10-11,2429500.0,72.95,75.25,75.0,72.61
2010-10-12,1474600.0,74.01,74.59,72.83,72.06
2010-10-13,1504600.0,74.28,75.74,74.75,74.06
2010-10-14,1312700.0,73.54,75.2,74.09,73.3
2010-10-15,1885800.0,73.94,74.51,74.07,73.14
2010-10-18,1513900.0,75.06,75.5,74.13,73.63
2010-10-19,2437700.0,75.41,77.3,74.46,73.65
2010-10-20,1082300.0,75.36,76.25,75.47,74.51
2010-10-21,1212100.0,74.27,76.05,75.53,74.05
2010-10-22,674000.0,75.18,75.435,74.46,74.3001
2010-10-25,1357500.0,74.8,76.0,75.37,74.47
2010-10-26,2969100.0,76.59,77.29,74.12,73.88
2010-10-27,4337400.0,83.0,83.21,80.0,79.3
2010-10-28,1475600.0,82.86,83.9899,83.81,82.31
2010-10-29,1229200.0,84.24,84.6,82.85,82.76
2010-11-01,909600.0,82.89,84.645,84.36,82.5
2010-11-02,909400.0,84.88,85.23,83.47,83.15
2010-11-03,754100.0,84.42,85.47,84.86,83.11
2010-11-04,1621800.0,84.38,85.99,85.31,83.95
2010-11-05,2310300.0,83.27,84.48,84.19,82.58
2010-11-08,848300.0,84.92,85.8,82.68,82.68
2010-11-09,1175800.0,83.41,86.0,85.14,83.0
2010-11-10,1145100.0,83.93,84.46,83.31,82.22
2010-11-11,1267100.0,85.79,86.88,83.25,81.63
2010-11-12,1092600.0,83.78,85.29,85.02,82.7
2010-11-15,734800.0,83.19,84.42,83.73,82.9
2010-11-16,1093800.0,81.17,83.42,82.53,80.93
2010-11-17,651100.0,81.38,82.77,81.62,80.76
2010-11-18,1076200.0,81.82,83.6,82.5,81.8
2010-11-19,765000.0,82.41,82.92,82.24,81.47
2010-11-22,867400.0,82.52,82.95,82.14,81.85
2010-11-23,1019000.0,80.86,82.4495,81.75,80.15
2010-11-24,1498000.0,80.32,82.33,81.56,79.77
2010-11-26,422700.0,79.96,80.64,79.78,79.23
2010-11-29,920600.0,79.33,81.12,79.78,78.66
2010-11-30,1392200.0,77.6,78.92,78.51,77.45
2010-12-01,1167000.0,79.6,80.19,78.83,78.83
2010-12-02,1053300.0,81.52,81.73,79.59,79.552
2010-12-03,823600.0,82.59,82.8,80.95,80.66
2010-12-06,933900.0,83.9,84.2,82.29,82.28
2010-12-07,1221400.0,84.31,85.65,85.24,84.17
2010-12-08,1018200.0,83.74,85.07,84.62,82.67
2010-12-09,797200.0,83.39,84.77,84.4,82.91
2010-12-10,1117100.0,84.83,85.76,83.75,83.55
2010-12-13,768800.0,84.73,86.2,85.2,84.45
2010-12-14,594400.0,84.32,85.2,85.0,83.87
2010-12-15,901200.0,83.24,85.25,84.32,83.18
2010-12-16,773200.0,83.53,84.21,83.27,82.79
2010-12-17,2561200.0,81.28,84.24,83.68,79.801
2010-12-20,1021200.0,81.78,82.08,81.45,79.87
2010-12-21,643200.0,81.43,82.1,82.0,81.32
2010-12-22,611600.0,80.65,81.71,81.38,80.36
2010-12-23,562400.0,80.9,81.1,80.61,80.2
2010-12-27,256200.0,81.04,81.17,80.87,80.1101
2010-12-28,302100.0,79.93,81.09,80.88,79.92
2010-12-29,780700.0,81.2,81.51,80.05,78.78
2010-12-30,666400.0,81.86,83.25,81.2,81.2
2010-12-31,444900.0,81.26,82.2,81.97,80.77
2011-01-03,1110000.0,83.46,84.7,82.23,81.7701
2011-01-04,599500.0,82.35,84.07,84.02,81.51
2011-01-05,800800.0,82.84,83.39,82.4,82.14
2011-01-06,1128600.0,82.0,83.39,82.72,81.75
2011-01-07,727400.0,82.17,82.55,82.3,81.075
2011-01-10,1309400.0,85.88,86.17,82.1,81.88
2011-01-11,916900.0,87.11,88.41,86.28,86.28
2011-01-12,579300.0,87.49,87.96,87.5,86.4
2011-01-13,310600.0,87.05,87.99,87.64,86.63
2011-01-14,372000.0,87.71,87.86,87.07,86.71
2011-01-18,774200.0,88.75,89.0,87.5,87.395
2011-01-19,676800.0,86.5,88.65,88.65,85.52
2011-01-20,1051100.0,85.13,86.24,83.76,83.76
2011-01-21,881600.0,85.12,86.8,85.84,84.83
2011-01-24,1193100.0,88.8,89.06,86.92,85.95
2011-01-25,843100.0,87.94,89.39,88.71,87.11
2011-01-26,561900.0,87.55,89.33,88.24,87.22
2011-01-27,1020600.0,87.68,88.37,87.71,87.23
2011-01-28,2320000.0,88.82,93.02,92.71,87.98
2011-01-31,677000.0,88.42,89.0499,88.98,86.82
2011-02-01,693600.0,89.37,89.99,88.94,88.91
2011-02-02,1077400.0,90.44,91.78,89.08,88.31
2011-02-03,698200.0,90.79,91.85,90.21,89.883
2011-02-04,508100.0,91.53,92.4599,91.17,89.78
2011-02-07,678500.0,92.43,92.63,91.81,91.55
2011-02-08,1848100.0,90.32,92.81,92.66,89.21
2011-02-09,1610400.0,88.64,90.17,89.47,88.31
2011-02-10,3667500.0,92.31,93.65,87.0,86.55
2011-02-11,1320700.0,91.24,93.27,92.07,90.66
2011-02-14,577900.0,90.44,91.9,91.41,90.33
2011-02-15,628300.0,91.47,92.55,90.34,90.24
2011-02-16,493400.0,91.43,91.81,91.64,90.68
2011-02-17,1390400.0,90.83,92.135,89.17,88.66
2011-02-18,878900.0,90.99,92.03,91.21,90.67
2011-02-22,1201300.0,88.4,90.06,89.84,87.82
2011-02-23,1039900.0,86.44,88.79,88.26,84.89
2011-02-24,922300.0,86.29,87.61,86.25,85.48
2011-02-25,927800.0,87.49,88.5,86.77,86.77
2011-02-28,792200.0,86.44,88.28,87.79,85.92
2011-03-01,1141400.0,85.21,87.39,86.76,84.5
2011-03-02,1002600.0,84.28,85.56,84.87,82.4248
2011-03-03,693600.0,85.19,86.34,85.0,84.96
2011-03-04,773700.0,84.32,85.33,85.33,83.85
2011-03-07,718400.0,83.93,85.4,84.77,83.0
2011-03-08,908900.0,84.72,85.48,83.87,83.36
2011-03-09,804400.0,85.27,85.81,84.71,84.01
2011-03-10,929200.0,84.92,85.76,85.0,84.13
2011-03-11,518700.0,84.72,85.49,84.35,83.44
2011-03-14,498800.0,84.5,85.29,84.22,83.53
2011-03-15,708400.0,84.16,84.74,83.05,82.19
2011-03-16,712200.0,83.67,85.58,83.97,83.05
2011-03-17,459000.0,84.32,85.43,84.71,83.81
2011-03-18,704300.0,85.02,86.19,85.26,84.67
2011-03-21,617800.0,85.15,86.7,85.77,84.95
2011-03-22,409100.0,84.91,85.769,85.09,84.32
2011-03-23,418500.0,85.31,85.7,84.89,84.26
2011-03-24,774100.0,86.06,86.73,85.85,85.1311
2011-03-25,709700.0,86.74,87.57,86.32,85.65
2011-03-28,491100.0,87.4,87.85,86.75,86.55
2011-03-29,616400.0,87.11,87.52,87.1,86.59
2011-03-30,1490100.0,90.98,91.85,87.85,87.42
2011-03-31,745600.0,91.1,91.14,90.9,89.6
2011-04-01,749700.0,92.36,92.76,91.55,90.66
2011-04-04,353700.0,92.79,93.18,92.54,92.29
2011-04-05,596200.0,92.13,93.75,92.56,91.82
2011-04-06,421700.0,92.49,93.03,92.54,91.74
2011-04-07,379000.0,92.73,93.8,92.27,91.85
2011-04-08,329000.0,93.26,93.3,93.0,92.7108
2011-04-11,495200.0,92.72,93.84,93.32,92.157
2011-04-12,537900.0,91.42,92.55,91.93,90.57
2011-04-13,595600.0,91.59,93.02,91.8,91.32
2011-04-14,581000.0,92.0,92.13,91.25,90.68
2011-04-15,784500.0,92.23,92.66,91.41,90.8
2011-04-18,554500.0,92.24,92.78,91.0,90.46
2011-04-19,902200.0,92.15,92.62,92.37,91.335
2011-04-20,757700.0,94.08,94.97,93.12,92.98
2011-04-21,449600.0,93.44,95.0,94.71,92.82
2011-04-25,471700.0,93.64,93.86,93.25,92.55
2011-04-26,507200.0,93.79,94.12,93.6,93.03
2011-04-27,1523000.0,96.6,96.6,95.5,93.2
2011-04-28,2900000.0,99.12,104.41,100.0,98.29
2011-04-29,1047500.0,100.66,102.14,100.41,98.67
2011-05-02,557700.0,98.75,100.67,100.67,98.43
2011-05-03,519200.0,98.1,99.05,98.32,96.88
2011-05-04,815100.0,97.42,98.8,98.05,96.45
2011-05-05,1400000.0,99.19,100.86,96.78,96.78
2011-05-06,638200.0,99.84,101.2,100.71,99.0
2011-05-09,413900.0,100.48,101.53,99.87,99.0092
2011-05-10,507200.0,101.4,102.1,100.59,100.37
2011-05-11,736300.0,101.12,102.41,100.87,100.33
2011-05-12,522000.0,101.19,101.93,100.59,100.12
2011-05-13,473200.0,100.41,101.955,101.24,100.35
2011-05-16,503400.0,99.22,101.37,100.27,98.85
2011-05-17,626500.0,99.15,99.5,99.04,98.2
2011-05-18,395600.0,99.62,100.11,99.52,98.88
2011-05-19,425800.0,100.44,100.99,100.27,99.2
2011-05-20,541400.0,100.76,101.52,100.43,99.84
2011-05-23,575400.0,98.51,99.74,99.25,98.0
2011-05-24,352800.0,99.03,99.73,98.95,98.2
2011-05-25,389800.0,99.06,99.88,98.75,98.08
2011-05-26,505600.0,99.7,99.98,98.6,98.12
2011-05-27,608700.0,100.61,101.09,100.05,99.4
2011-05-31,478800.0,101.4,101.57,101.18,100.37
2011-06-01,428800.0,99.57,101.93,101.41,99.37
2011-06-02,360500.0,100.66,100.74,98.88,98.13
2011-06-03,423900.0,98.76,100.315,99.18,97.89
2011-06-06,610000.0,97.12,99.27,98.35,96.96
2011-06-07,486800.0,97.84,98.78,97.81,97.0
2011-06-08,479300.0,97.13,98.2,97.85,96.99
2011-06-09,350900.0,97.85,98.54,97.43,97.08
2011-06-10,437000.0,96.58,98.13,97.81,95.61
2011-06-13,416600.0,96.24,97.54,96.69,96.16
2011-06-14,440500.0,98.58,98.83,97.32,96.7687
2011-06-15,614500.0,96.09,98.5,97.58,95.93
2011-06-16,517600.0,95.45,97.31,95.99,95.1302
2011-06-17,903400.0,95.83,97.83,96.48,95.43
2011-06-20,417800.0,96.49,97.12,95.69,95.35
2011-06-21,797500.0,99.64,99.92,96.81,96.592
2011-06-22,549200.0,99.72,101.04,99.6,98.86
2011-06-23,540200.0,99.74,100.0,98.71,97.96
2011-06-24,471300.0,98.92,100.65,99.56,98.59
2011-06-27,450700.0,98.85,99.9,98.71,97.63
2011-06-28,524500.0,99.74,100.395,99.04,98.8
2011-06-29,400400.0,100.66,101.09,100.24,100.0
2011-06-30,492900.0,101.02,101.59,100.68,100.01
2011-07-01,720200.0,101.9,102.17,100.82,96.58
2011-07-05,606300.0,102.3,102.5,101.57,101.48
2011-07-06,829200.0,103.29,103.31,102.01,101.54
2011-07-07,357000.0,103.16,104.2,103.89,102.955
2011-07-08,619600.0,104.61,105.25,101.98,101.714
2011-07-11,556600.0,101.67,103.98,103.11,101.16
2011-07-12,446000.0,101.32,101.98,101.26,101.01
2011-07-13,319800.0,101.25,103.065,101.65,100.97
2011-07-14,649200.0,98.26,101.95,101.36,97.31
2011-07-15,380000.0,99.07,99.25,98.78,97.9
2011-07-18,542200.0,98.27,99.11,98.74,96.26
2011-07-19,307900.0,100.7,101.4,98.99,98.99
2011-07-20,651300.0,100.99,103.94,101.02,100.2
2011-07-21,349800.0,100.85,102.27,101.28,100.38
2011-07-22,465200.0,101.57,101.83,100.79,99.54
2011-07-25,306000.0,99.63,101.16,100.78,99.54
2011-07-26,410200.0,100.04,100.86,99.97,99.5
2011-07-27,1085800.0,97.28,99.8,99.59,96.61
2011-07-28,2470200.0,105.87,107.0,104.75,102.29
2011-07-29,1015500.0,104.47,105.64,104.66,103.71
2011-08-01,742800.0,104.3,106.0,105.65,102.54
2011-08-02,1170700.0,99.29,104.21,104.21,99.11
2011-08-03,688000.0,100.11,100.31,99.8,96.42
2011-08-04,1349900.0,94.16,98.54,98.42,94.13
2011-08-05,1445300.0,92.15,97.2,95.39,91.24
2011-08-08,2297000.0,83.75,89.25,83.54,83.19
2011-08-09,1465500.0,90.14,90.39,85.19,84.4
2011-08-10,867900.0,87.09,89.86,87.86,86.91
2011-08-11,1155600.0,91.01,91.99,87.13,87.13
2011-08-12,659500.0,90.69,91.76,91.52,89.67
2011-08-15,548500.0,93.1,93.17,91.38,90.88
2011-08-16,518100.0,91.09,92.23,91.98,90.46
2011-08-17,798500.0,92.0,94.36,92.42,91.55
2011-08-18,1839000.0,84.47,89.79,89.23,83.42
2011-08-19,1106000.0,82.52,86.71,84.1,81.89
2011-08-22,907900.0,82.03,85.4,84.37,80.85
2011-08-23,1096800.0,88.06,88.45,82.41,82.3101
2011-08-24,648200.0,87.87,89.88,87.73,86.87
2011-08-25,697400.0,85.06,89.12,88.47,84.86
2011-08-26,1063300.0,88.79,89.35,84.78,84.58
2011-08-29,722200.0,92.29,92.5,90.15,89.75
2011-08-30,914600.0,94.85,95.9,91.6,91.5183
2011-08-31,768000.0,94.04,96.78,95.99,92.82
2011-09-01,414600.0,92.59,94.96,94.27,92.49
2011-09-02,599500.0,90.89,91.71,90.8,89.95
2011-09-06,726700.0,90.06,90.29,88.13,86.64
2011-09-07,364800.0,92.49,92.71,91.56,90.7
2011-09-08,613100.0,90.88,93.22,91.91,90.21
2011-09-09,826900.0,87.66,90.03,89.79,86.35
2011-09-12,856300.0,90.64,90.81,86.7,86.69
2011-09-13,776100.0,92.5,93.77,90.85,89.76
2011-09-14,825500.0,92.84,94.5,93.31,91.56
2011-09-15,896500.0,95.44,96.21,93.92,93.39
2011-09-16,1106500.0,96.1,96.85,95.36,95.1814
2011-09-19,649000.0,95.19,95.67,94.44,94.18
2011-09-20,711200.0,94.73,96.24,95.71,94.39
2011-09-21,916100.0,94.38,95.83,94.54,93.8
2011-09-22,1125500.0,92.31,92.62,91.47,89.95
2011-09-23,1046900.0,89.97,92.21,91.71,87.7
2011-09-26,1067100.0,90.46,90.71,90.28,86.55
2011-09-27,775200.0,92.22,94.71,92.08,91.71
2011-09-28,750800.0,88.37,93.52,92.66,88.13
2011-09-29,673700.0,87.75,90.85,89.6,86.08
2011-09-30,1176000.0,88.83,90.21,86.7,86.07
2011-10-03,1147000.0,84.27,89.68,88.1,83.02
2011-10-04,1188600.0,88.8,88.99,83.25,82.43
2011-10-05,971400.0,91.48,92.0,88.54,86.27
2011-10-06,662200.0,91.53,91.67,91.34,89.16
2011-10-07,444700.0,91.08,92.49,92.19,90.11
2011-10-10,358000.0,94.11,94.81,92.83,92.147
2011-10-11,459100.0,94.17,95.85,93.68,93.57
2011-10-12,584600.0,94.87,95.8,94.86,94.45
2011-10-13,289600.0,95.55,95.86,94.64,93.48
2011-10-14,546000.0,97.03,98.03,96.79,95.28
2011-10-17,488400.0,95.0,97.32,96.58,94.73
2011-10-18,751900.0,95.59,96.03,95.03,93.23
2011-10-19,415000.0,94.62,97.2,95.63,94.31
2011-10-20,510900.0,94.14,94.8466,94.59,91.19
2011-10-21,369400.0,95.22,96.59,95.25,94.2
2011-10-24,570400.0,98.34,99.5,95.62,95.62
2011-10-25,545400.0,96.75,98.11,97.45,96.0
2011-10-26,1061700.0,97.44,97.64,97.18,93.26
2011-10-27,2464800.0,101.53,102.31,98.37,94.65
2011-10-28,997400.0,99.03,101.38,100.59,98.58
2011-10-31,907500.0,96.01,97.88,97.61,95.79
2011-11-01,1120900.0,93.01,94.23,93.25,90.27
2011-11-02,403300.0,93.36,95.07,94.36,92.49
2011-11-03,588300.0,95.0,95.37,94.52,92.795
2011-11-04,514400.0,95.09,95.75,94.04,93.0
2011-11-07,384800.0,95.68,96.29,95.05,94.51
2011-11-08,725100.0,98.23,99.19,96.92,95.75
2011-11-09,587900.0,92.91,96.47,95.78,92.81
2011-11-10,697100.0,91.71,94.5791,94.35,91.35
2011-11-11,1346800.0,99.06,99.36,93.46,93.07
2011-11-14,691800.0,97.63,100.81,98.27,97.12
2011-11-15,407300.0,99.42,99.87,96.95,96.95
2011-11-16,515700.0,98.49,100.64,98.68,97.67
2011-11-17,1332700.0,99.77,103.1992,99.74,99.32
2011-11-18,927300.0,99.66,100.75,100.58,99.0
2011-11-21,542900.0,98.09,98.97,98.02,96.61
2011-11-22,361900.0,99.08,99.89,98.06,97.03
2011-11-23,365500.0,96.26,98.14,98.14,95.91
2011-11-25,152400.0,95.99,97.25,96.0,95.81
2011-11-28,509900.0,97.99,99.82,98.29,97.3
2011-11-29,698200.0,97.0,98.4717,98.03,96.5
2011-11-30,793000.0,100.02,100.67,99.75,98.89
2011-12-01,969700.0,101.99,102.44,99.37,99.36
2011-12-02,446400.0,101.83,102.5,102.47,100.17
2011-12-05,633300.0,103.58,104.5475,102.93,101.84
2011-12-06,452100.0,102.48,103.86,103.38,100.93
2011-12-07,351900.0,101.89,102.93,101.62,100.87
2011-12-08,533800.0,100.91,102.62,101.01,100.6
2011-12-09,571700.0,104.21,104.58,101.11,100.53
2011-12-12,654200.0,102.28,103.17,102.69,101.92
2011-12-13,616100.0,101.53,103.21,102.12,100.91
2011-12-14,671200.0,98.39,101.11,101.05,97.33
2011-12-15,506300.0,98.07,99.36,99.28,97.62
2011-12-16,1238200.0,98.91,99.93,98.48,97.89
2011-12-19,626000.0,99.49,100.36,99.38,98.39
2011-12-20,487100.0,102.43,102.96,101.28,100.58
2011-12-21,715800.0,99.32,101.83,101.83,98.29
2011-12-22,443700.0,101.81,102.22,99.66,99.63
2011-12-23,177900.0,102.55,103.03,101.91,101.91
2011-12-27,203400.0,102.66,103.27,102.04,101.22
2011-12-28,286400.0,100.93,102.5,102.46,100.47
2011-12-29,242700.0,101.47,102.2,101.22,100.9
2011-12-30,257600.0,101.4,102.52,101.47,101.16
2012-01-03,706300.0,101.24,104.35,103.09,100.04
2012-01-04,664100.0,100.9,100.98,100.44,99.0
2012-01-05,1240000.0,104.75,105.3,100.47,100.47
2012-01-06,465200.0,104.92,105.2,104.45,103.25
2012-01-09,1191200.0,107.75,109.32,105.0,103.91
2012-01-10,1411400.0,110.42,111.59,108.45,107.71
2012-01-11,814800.0,111.48,112.17,110.33,110.0
2012-01-12,703300.0,112.58,112.7,111.39,110.9
2012-01-13,868900.0,112.56,112.64,112.07,111.16
2012-01-17,1254100.0,113.48,114.87,112.83,112.573
2012-01-18,1071700.0,112.95,114.29,113.74,112.01
2012-01-19,858600.0,113.6,115.0,113.75,113.43
2012-01-20,1260400.0,116.12,116.12,113.59,112.92
2012-01-23,1462300.0,115.01,116.59,116.0,113.57
2012-01-24,922900.0,115.98,117.25,114.98,113.53
2012-01-25,751700.0,117.88,118.0,116.2,114.53
2012-01-26,2187600.0,119.8,121.75,118.11,118.0
2012-01-27,1407300.0,121.03,121.63,119.1,118.7
2012-01-30,916400.0,119.4,120.12,120.12,117.52
2012-01-31,711100.0,119.96,121.0,120.63,119.02
2012-02-01,1280100.0,121.58,122.24,121.16,119.02
2012-02-02,846300.0,122.4,123.04,121.67,120.95
2012-02-03,1164100.0,124.19,125.56,123.38,122.74
2012-02-06,758900.0,123.9,125.14,123.96,122.7
2012-02-07,1935800.0,129.0,129.17,124.6,123.88
2012-02-08,1675000.0,129.94,129.94,128.0,125.8
2012-02-09,1330700.0,130.95,131.03,130.0,129.45
2012-02-10,977600.0,128.48,129.95,129.73,128.35
2012-02-13,996400.0,129.46,130.49,129.87,126.83
2012-02-14,1344100.0,128.94,131.14,129.65,128.27
2012-02-15,1449800.0,127.42,130.31,128.48,126.74
2012-02-16,2999900.0,133.87,139.0,130.06,129.36
2012-02-17,1462300.0,134.6,134.6,133.97,132.09
2012-02-21,1533100.0,134.76,134.78,131.07,131.04
2012-02-22,853300.0,134.82,135.88,134.41,133.53
2012-02-23,998600.0,136.55,136.73,133.9,132.72
2012-02-24,1116900.0,138.79,139.04,136.23,135.76
2012-02-27,782600.0,139.29,139.5,137.41,135.89
2012-02-28,984400.0,139.05,140.69,139.14,137.56
2012-02-29,1412900.0,140.18,143.0,138.92,137.69
2012-03-01,1391500.0,142.27,142.82,141.18,140.02
2012-03-02,1537700.0,138.84,142.51,141.82,137.85
2012-03-05,1468200.0,137.47,139.66,137.7,136.82
2012-03-06,1093900.0,134.71,136.24,135.87,134.15
2012-03-07,1012300.0,137.0,137.53,134.62,134.62
2012-03-08,877300.0,139.38,140.599,137.78,137.38
2012-03-09,751100.0,138.38,140.21,139.39,138.02
2012-03-12,731700.0,139.0,140.47,139.04,137.63
2012-03-13,1263100.0,140.63,141.15,139.67,138.15
2012-03-14,1112600.0,141.73,141.96,140.57,139.52
2012-03-15,562000.0,141.49,142.53,141.55,140.34
2012-03-16,1126000.0,141.76,141.99,141.25,140.603
2012-03-19,718300.0,140.62,143.15,142.13,140.6
2012-03-20,754200.0,140.79,141.1,139.75,138.07
2012-03-21,1412200.0,146.05,146.79,141.78,141.78
2012-03-22,1268200.0,146.08,146.2,142.85,142.35
2012-03-23,729500.0,147.28,147.353,145.66,144.1
2012-03-26,1369200.0,151.57,152.314,147.69,147.69
2012-03-27,962800.0,151.86,152.5,151.82,150.59
2012-03-28,1575800.0,156.05,156.37,152.09,151.0
2012-03-29,998000.0,154.79,155.51,154.86,152.78
2012-03-30,1839000.0,157.45,159.5,156.1,153.2
2012-04-02,1618700.0,158.65,158.97,156.04,155.01
2012-04-03,1637200.0,159.9,161.56,158.99,157.99
2012-04-04,1751900.0,156.5,157.91,157.12,154.52
2012-04-05,1037800.0,157.15,157.9189,155.5,155.34
2012-04-09,702800.0,155.9,157.22,155.19,152.98
2012-04-10,1543700.0,149.99,156.54,155.95,149.72
2012-04-11,1134500.0,152.51,155.019,151.6,150.91
2012-04-12,922600.0,156.04,156.5,153.49,152.698
2012-04-13,648200.0,155.61,156.33,155.62,153.5286
2012-04-16,623100.0,153.99,156.9999,156.59,153.48
2012-04-17,1019100.0,157.81,158.52,156.43,154.82
2012-04-18,507900.0,157.71,158.34,156.99,156.99
2012-04-19,791900.0,156.75,160.22,158.14,154.72
2012-04-20,860600.0,152.49,157.99,157.0,152.49
2012-04-23,860800.0,151.34,151.66,151.14,147.53
2012-04-24,720600.0,147.7,151.87,151.0,147.35
2012-04-25,1894500.0,149.47,154.238,149.92,149.47
2012-04-26,5355700.0,169.28,172.44,165.99,161.02
2012-04-27,895900.0,169.18,171.51,169.0,167.75
2012-04-30,902000.0,164.2,168.47,168.47,163.82
2012-05-01,1572700.0,163.11,166.59,164.37,162.85
2012-05-02,932100.0,163.15,163.805,162.87,160.43
2012-05-03,1148200.0,159.94,164.25,163.71,158.21
2012-05-04,601200.0,158.94,161.5,159.22,156.5
2012-05-07,691000.0,157.34,159.47,157.35,156.22
2012-05-08,1194000.0,157.46,158.19,154.99,151.662
2012-05-09,611700.0,158.99,159.33,156.1,153.8
2012-05-10,777000.0,159.63,160.98,159.18,157.5
2012-05-11,790500.0,162.06,164.06,158.67,158.31
2012-05-14,1034000.0,158.79,162.0,160.44,157.25
2012-05-15,1202200.0,163.06,165.08,159.09,158.46
2012-05-16,1795900.0,160.39,165.82,163.34,160.32
2012-05-17,1889200.0,153.04,162.5,161.08,152.17
2012-05-18,1921900.0,147.81,157.1899,153.54,146.76
2012-05-21,1733200.0,157.09,157.75,148.18,146.48
2012-05-22,860100.0,155.47,159.57,157.29,154.58
2012-05-23,1365900.0,160.46,160.66,154.44,153.73
2012-05-24,997900.0,157.97,162.0,161.82,156.35
2012-05-25,473300.0,157.92,161.02,158.43,157.27
2012-05-29,1800000.0,167.32,167.32,159.63,159.22
2012-05-30,1101800.0,162.53,165.9699,165.37,160.5
2012-05-31,2792400.0,163.11,164.87,163.72,159.64
2012-06-01,1501900.0,155.26,161.02,159.54,154.16
2012-06-04,677100.0,157.83,158.17,155.12,154.69
2012-06-05,615400.0,158.38,159.5,157.72,156.79
2012-06-06,952500.0,164.17,164.484,159.2001,158.94
2012-06-07,666800.0,161.69,166.63,165.8,161.17
2012-06-08,1039900.0,167.03,167.41,160.88,159.72
2012-06-11,944700.0,165.71,171.15,168.29,165.29
2012-06-12,669500.0,169.07,169.53,166.86,165.03
2012-06-13,920300.0,166.47,169.85,169.08,164.94
2012-06-14,1299600.0,169.73,170.15,166.95,166.49
2012-06-15,2062300.0,175.51,176.16,170.96,169.43
2012-06-18,1597600.0,175.11,178.42,175.26,173.1501
2012-06-19,2512500.0,169.88,177.54,176.89,166.5
2012-06-20,1981600.0,171.92,176.73,170.11,164.8
2012-06-21,1170800.0,167.75,173.15,172.08,166.02
2012-06-22,775200.0,166.65,168.942,168.38,166.19
2012-06-25,623600.0,166.05,166.69,164.11,162.0
2012-06-26,982500.0,170.75,171.47,166.08,164.7601
2012-06-27,507500.0,170.89,173.665,172.08,168.5901
2012-06-28,690600.0,168.26,170.11,168.88,165.32
2012-06-29,1090800.0,175.65,177.28,171.93,171.089
2012-07-02,618600.0,176.53,178.3,176.03,173.48
2012-07-03,280400.0,177.38,179.2,176.53,174.68
2012-07-05,485400.0,177.02,178.45,176.32,174.7
2012-07-06,526700.0,174.31,176.57,175.17,171.5
2012-07-09,929600.0,170.3,175.45,175.11,169.25
2012-07-10,890400.0,167.65,173.8,171.92,166.56
2012-07-11,874500.0,167.25,169.01,168.19,164.25
2012-07-12,869600.0,167.94,168.73,166.02,164.49
2012-07-13,429700.0,169.61,170.91,168.09,167.4601
2012-07-16,406600.0,170.22,171.389,169.55,168.89
2012-07-17,521200.0,171.12,171.72,170.87,166.13
2012-07-18,1378900.0,166.14,171.1399,170.54,164.0
2012-07-19,1660700.0,166.03,167.72,162.57,161.41
2012-07-20,740000.0,167.92,169.86,166.02,165.6
2012-07-23,1076700.0,162.48,164.57,163.67,158.98
2012-07-24,891700.0,161.73,163.72,163.08,160.51
2012-07-25,1342300.0,161.37,163.7,161.87,160.585
2012-07-26,3314100.0,181.9,183.67,172.33,172.01
2012-07-27,1247000.0,186.76,189.28,182.09,180.0
2012-07-30,1202200.0,181.58,184.76,183.12,177.86
2012-07-31,735100.0,178.18,181.51,181.06,177.58
2012-08-01,732200.0,175.12,180.89,179.32,174.95
2012-08-02,593200.0,176.4,177.81,175.0,173.36
2012-08-03,446900.0,179.22,181.1695,179.34,177.35
2012-08-06,317300.0,178.45,181.68,180.23,178.0
2012-08-07,568100.0,179.32,180.55,177.94,175.46
2012-08-08,571000.0,180.51,182.0,179.25,178.045
2012-08-09,477000.0,182.13,183.19,179.89,179.542
2012-08-10,269400.0,182.49,182.79,181.64,179.87
2012-08-13,265500.0,181.55,182.0,182.0,179.16
2012-08-14,398800.0,180.46,182.46,182.0,179.84
2012-08-15,381000.0,184.28,184.53,178.95,178.88
2012-08-16,624200.0,185.21,185.6799,183.74,182.77
2012-08-17,851700.0,188.63,188.84,185.54,184.5
2012-08-20,1355900.0,191.0,193.46,190.0,189.4
2012-08-21,1398600.0,191.07,194.48,191.19,190.05
2012-08-22,1038700.0,192.69,193.56,186.47,186.15
2012-08-23,870200.0,192.9,194.39,192.65,190.85
2012-08-24,420500.0,193.51,194.1,192.91,190.14
2012-08-27,1239900.0,196.14,197.83,194.0,193.46
2012-08-28,752300.0,198.06,198.34,195.05,194.23
2012-08-29,997800.0,199.77,203.16,198.19,197.27
2012-08-30,692400.0,196.46,198.82,198.74,194.6
2012-08-31,455800.0,197.65,198.48,198.2,194.71
2012-09-04,769400.0,198.37,198.94,197.76,196.58
2012-09-05,748200.0,197.69,198.72,197.73,195.3701
2012-09-06,567600.0,201.77,202.73,198.0,197.03
2012-09-07,710700.0,197.47,201.89,201.0,197.27
2012-09-10,659300.0,194.42,198.545,197.29,193.44
2012-09-11,1612800.0,189.08,196.41,194.6,185.27
2012-09-12,1719400.0,186.55,190.951,190.21,185.075
2012-09-13,6341800.0,200.5,212.0,210.01,199.0
2012-09-14,1369800.0,195.28,205.0,201.5,195.02
2012-09-17,707200.0,194.49,195.28,194.76,193.22
2012-09-18,1159000.0,197.95,198.76,192.55,190.81
2012-09-19,634700.0,197.89,199.71,197.52,197.13
2012-09-20,513900.0,195.22,197.22,196.46,194.58
2012-09-21,1705200.0,199.48,201.28,197.33,196.35
2012-09-24,915500.0,200.05,201.85,201.85,199.5
2012-09-25,858100.0,197.8,202.0,200.17,197.27
2012-09-26,699300.0,199.54,200.5,198.15,197.78
2012-09-27,740600.0,204.4,204.48,199.76,199.57
2012-09-28,897200.0,206.05,207.66,203.48,203.18
2012-10-01,658300.0,203.23,207.766,206.43,203.05
2012-10-02,512700.0,201.54,204.89,203.7,200.2
2012-10-03,467100.0,201.68,203.09,203.0899,200.0
2012-10-04,498300.0,202.3,204.33,201.84,200.65
2012-10-05,781000.0,199.77,204.61,203.15,199.0
2012-10-08,377400.0,200.94,203.89,200.0,198.27
2012-10-09,406100.0,198.07,200.3,200.3,196.51
2012-10-10,1075600.0,191.46,199.12,198.12,190.76
2012-10-11,1305500.0,188.67,193.9992,193.49,187.21
2012-10-12,715200.0,190.19,190.82,188.28,187.94
2012-10-15,942600.0,191.6,194.83,191.16,190.19
2012-10-16,469600.0,192.9,193.955,192.18,191.33
2012-10-17,570800.0,191.72,192.9,192.5,189.32
2012-10-18,853800.0,186.27,192.32,191.12,185.77
2012-10-19,1429600.0,182.84,187.47,186.27,181.22
2012-10-22,840000.0,183.88,185.44,182.52,181.83
2012-10-23,619700.0,185.78,187.29,181.32,180.97
2012-10-24,493600.0,185.1223,187.81,186.1,184.004
2012-10-25,2247600.0,183.8,191.99,189.75,176.72
2012-10-26,1418500.0,181.83,187.67,184.57,178.71
2012-10-31,718500.0,180.59,182.0,181.67,178.52
2012-11-01,1407600.0,183.58,187.16,179.96,179.73
2012-11-02,2617500.0,190.0,196.98,191.84,189.88
2012-11-05,2708800.0,183.2,190.0,189.21,179.692
2012-11-06,948200.0,181.01,185.0,184.4,180.242
2012-11-07,1210200.0,175.42,180.31,179.32,174.25
2012-11-08,1562500.0,172.9,176.39,175.56,172.01
2012-11-09,681300.0,175.3,177.54,172.19,171.75
2012-11-12,484000.0,175.87,178.08,175.02,173.9
2012-11-13,889800.0,175.8,178.83,174.4,174.4
2012-11-14,654400.0,173.68,177.63,176.02,173.0
2012-11-15,985300.0,175.17,175.85,173.56,170.71
2012-11-16,871800.0,178.89,179.27,175.13,174.2579
2012-11-19,885700.0,182.9005,182.975,179.0,179.0
2012-11-20,606700.0,184.56,186.6,182.79,182.115
2012-11-21,445800.0,185.04,186.87,185.07,183.63
2012-11-23,220900.0,186.76,186.8,185.0,184.86
2012-11-26,770400.0,185.48,187.79,186.17,183.97
2012-11-27,1023600.0,182.69,186.035,185.1,182.11
2012-11-28,617400.0,182.99,183.27,182.57,179.93
2012-11-29,632100.0,185.77,187.0,184.2,182.73
2012-11-30,736000.0,185.76,186.81,185.32,184.1401
2012-12-03,656400.0,184.72,188.0,186.16,183.57
2012-12-04,566600.0,182.98,184.91,184.73,181.325
2012-12-05,581300.0,180.97,182.93,182.33,179.7
2012-12-06,1078100.0,186.86,188.93,181.52,181.22
2012-12-07,898500.0,189.69,190.3,186.14,185.15
2012-12-10,1231600.0,194.08,194.45,188.77,188.663
2012-12-11,1873400.0,198.26,199.3,195.17,193.74
2012-12-12,1103000.0,198.09,200.0,198.69,197.25
2012-12-13,565400.0,197.51,199.97,198.34,195.56
2012-12-14,669700.0,198.56,199.27,197.57,196.698
2012-12-17,804600.0,201.47,201.75,198.02,198.02
2012-12-18,852300.0,203.23,206.05,201.75,201.75
2012-12-19,539700.0,202.48,204.79,204.45,201.14
2012-12-20,673200.0,203.99,205.6,205.6,200.21
2012-12-21,2651100.0,202.56,204.04,200.13,196.79
2012-12-24,219500.0,202.83,203.645,202.5,199.875
2012-12-26,318800.0,201.7,203.549,202.29,199.24
2012-12-27,572900.0,204.22,205.27,202.26,199.65
2012-12-28,415600.0,203.23,205.37,203.09,202.01
2012-12-31,800600.0,206.2,208.909,204.53,202.22
2013-01-02,1086000.0,215.01,215.55,211.23,210.35
2013-01-03,629100.0,212.11,216.41,213.96,211.6201
2013-01-04,701800.0,215.26,215.65,212.36,212.105
2013-01-07,620900.0,218.78,219.1,213.0,212.05
2013-01-08,671400.0,215.21,218.68,218.68,213.617
2013-01-09,490400.0,217.84,219.85,214.08,214.08
2013-01-10,667900.0,217.78,219.91,219.91,213.79
2013-01-11,520100.0,217.72,218.14,217.21,215.46
2013-01-14,607200.0,216.04,218.17,217.62,214.4
2013-01-15,618000.0,216.79,217.48,215.79,214.72
2013-01-16,519400.0,216.47,218.86,216.79,216.31
2013-01-17,487300.0,218.5,219.3299,217.26,216.96
2013-01-18,464900.0,219.96,220.39,217.33,216.18
2013-01-22,519200.0,222.31,222.31,219.35,218.65
2013-01-23,467800.0,221.63,222.61,222.31,220.81
2013-01-24,663100.0,221.99,224.25,220.75,219.01
2013-01-25,460100.0,225.25,226.34,223.45,221.96
2013-01-28,374100.0,222.69,225.56,225.17,221.48
2013-01-29,889500.0,216.45,219.62,216.77,215.461
2013-01-30,573100.0,214.38,218.02,217.04,213.34
2013-01-31,701600.0,215.43,218.285,214.38,213.44
2013-02-01,821100.0,217.88,218.85,217.55,214.33
2013-02-04,507300.0,214.74,218.83,216.69,213.02
2013-02-05,685900.0,218.53,220.2,215.81,215.25
2013-02-06,707000.0,217.95,220.18,217.62,216.45
2013-02-07,758800.0,214.08,218.518,217.3,211.41
2013-02-08,606200.0,219.71,220.06,214.99,214.99
2013-02-11,447500.0,218.03,220.0,217.77,217.5
2013-02-12,2076400.0,214.53,218.74,216.32,212.82
2013-02-13,2106200.0,213.02,215.07,212.7,208.42
2013-02-14,2639400.0,226.0,231.26,223.31,217.14
2013-02-15,1259400.0,224.53,228.0,223.37,223.37
2013-02-19,1685900.0,221.082,223.81,223.34,217.0
2013-02-20,888500.0,215.62,221.63,221.63,215.545
2013-02-21,836200.0,214.01,215.3999,215.03,211.8
2013-02-22,1686900.0,214.21,214.88,213.01,206.62
2013-02-25,520800.0,210.17,215.74,215.28,210.05
2013-02-26,602800.0,213.09,214.45,210.42,210.42
2013-02-27,717600.0,212.67,214.71,213.26,212.26
2013-02-28,616400.0,211.55,214.68,212.5,210.25
2013-03-01,750600.0,212.94,213.13,210.17,207.81
2013-03-04,764600.0,213.05,213.6,210.9,209.49
2013-03-05,796800.0,217.4,218.49,213.31,213.29
2013-03-06,528500.0,217.57,218.22,217.29,216.38
2013-03-07,493000.0,216.07,218.5,218.0,213.85
2013-03-08,620200.0,217.08,217.58,216.62,215.32
2013-03-11,241200.0,217.43,218.86,217.45,216.37
2013-03-12,737100.0,215.86,217.58,216.33,214.032
2013-03-13,406300.0,215.31,215.99,215.76,212.7
2013-03-14,486000.0,215.05,216.36,216.36,213.01
2013-03-15,1527200.0,210.17,215.54,214.77,209.58
2013-03-18,596300.0,206.31,208.74,208.17,205.7
2013-03-19,585700.0,206.97,208.405,207.34,205.12
2013-03-20,557700.0,210.866,211.86,209.02,207.12
2013-03-21,476600.0,210.8,214.5,209.78,208.585
2013-03-22,455100.0,211.74,212.1,211.88,210.53
2013-03-25,443000.0,210.04,212.638,211.85,209.44
2013-03-26,358000.0,211.92,212.37,211.39,208.85
2013-03-27,358400.0,213.51,213.78,211.24,209.6
2013-03-28,462300.0,216.31,216.5,212.75,210.4
2013-04-01,561000.0,214.93,217.9999,217.0,213.67
2013-04-02,524900.0,212.99,216.58,215.24,211.474
2013-04-03,559300.0,208.34,213.56,212.82,208.12
2013-04-04,496500.0,210.73,211.09,208.3,207.06
2013-04-05,755500.0,214.03,216.45,207.22,205.0
2013-04-08,314600.0,214.8,214.88,213.51,212.05
2013-04-09,658000.0,211.2,215.24,214.92,210.51
2013-04-10,1031800.0,219.02,219.419,212.33,211.07
2013-04-11,1420400.0,221.69,222.71,217.15,216.0406
2013-04-12,466200.0,217.49,222.44,221.53,217.18
2013-04-15,857100.0,209.63,216.58,216.58,208.355
2013-04-16,1088100.0,214.85,217.67,210.66,210.205
2013-04-17,545000.0,212.78,214.49,212.22,211.08
2013-04-18,713200.0,209.16,213.48,213.48,208.201
2013-04-19,582800.0,210.15,212.05,209.08,207.75
2013-04-22,942200.0,213.64,215.0,214.15,208.5
2013-04-23,846000.0,219.41,219.94,214.11,214.11
2013-04-24,1576700.0,216.38,220.0,218.73,215.86
2013-04-25,2498500.0,213.51,221.0,209.71,209.5
2013-04-26,1040900.0,211.49,213.84,213.43,208.5
2013-04-29,705000.0,210.97,214.87,213.24,210.33
2013-04-30,1002900.0,214.1,214.42,211.88,210.91
2013-05-01,994500.0,216.05,217.59,214.75,212.15
2013-05-02,546800.0,214.89,217.17,216.05,214.691
2013-05-03,615100.0,214.5,217.673,217.1,214.08
2013-05-06,353100.0,215.06,216.16,214.3,213.36
2013-05-07,1095900.0,217.6,217.6,214.0,213.89
2013-05-08,1130200.0,224.92,226.53,217.8,217.35
2013-05-09,1399600.0,221.87,222.95,221.37,217.06
2013-05-10,459200.0,223.73,224.23,222.0,221.41
2013-05-13,493000.0,225.95,226.26,223.4,222.514
2013-05-14,621300.0,229.02,230.0,225.9,225.49
2013-05-15,515700.0,229.67,231.56,228.77,228.5
2013-05-16,846000.0,227.93,230.69,229.54,226.749
2013-05-17,669500.0,227.3,229.5,229.5,226.5
2013-05-20,503500.0,223.88,227.93,226.29,223.01
2013-05-21,603900.0,224.2,225.825,224.41,222.18
2013-05-22,601900.0,218.21,225.21,224.38,217.36
2013-05-23,1149500.0,215.31,218.31,216.32,213.0
2013-05-24,770900.0,214.08,216.0,214.62,211.535
2013-05-28,743000.0,210.1,217.13,216.86,210.0
2013-05-29,1473800.0,204.85,210.02,209.71,201.7
2013-05-30,956600.0,203.35,205.99,203.59,202.605
2013-05-31,1092300.0,202.64,204.46,202.15,200.28
2013-06-03,1718400.0,201.41,205.26,202.35,199.04
2013-06-04,1979600.0,198.03,200.15,199.08,195.0
2013-06-05,1047500.0,199.95,201.51,197.35,196.18
2013-06-06,734400.0,203.87,203.9,199.8,199.17
2013-06-07,8139500.0,192.57,194.854,188.66,187.83
2013-06-10,1669600.0,199.01,200.45,193.87,193.21
2013-06-11,1077300.0,196.47,198.1916,197.5,194.65
2013-06-12,1891700.0,188.73,198.66,197.12,186.44
2013-06-13,1132400.0,191.47,191.87,188.28,186.57
2013-06-14,630800.0,191.11,192.51,191.67,189.8501
2013-06-17,1150000.0,193.11,193.3,191.4,190.53
2013-06-18,780000.0,191.33,194.43,193.2,190.942
2013-06-19,1678400.0,185.25,192.01,191.08,184.99
2013-06-20,2120200.0,177.55,183.87,183.3,177.0
2013-06-21,2220200.0,178.07,179.13,178.04,174.9
2013-06-24,1040300.0,176.13,178.33,177.32,172.97
2013-06-25,1479600.0,178.55,178.77,178.64,173.95
2013-06-26,1030100.0,182.85,184.19,179.59,179.325
2013-06-27,1409900.0,186.92,188.25,184.38,184.01
2013-06-28,1348700.0,184.72,186.39,186.28,182.452
2013-07-01,899400.0,187.42,189.25,187.53,186.0
2013-07-02,743100.0,185.47,188.04,187.08,182.67
2013-07-03,320200.0,184.27,186.81,184.83,182.82
2013-07-05,363500.0,185.67,188.02,186.6,183.4
2013-07-08,452600.0,185.54,187.294,187.1,185.15
2013-07-09,653200.0,187.004,187.37,186.99,184.82
2013-07-10,591800.0,190.84,191.31,186.33,186.22
2013-07-11,2219300.0,199.51,200.88,193.91,192.2401
2013-07-12,956800.0,202.98,203.58,199.0,198.55
2013-07-15,657500.0,200.64,202.55,202.08,198.95
2013-07-16,767500.0,200.15,201.95,201.0,198.49
2013-07-17,809600.0,202.5,204.75,198.0,197.46
2013-07-18,764200.0,200.46,205.36,205.36,200.19
2013-07-19,976500.0,198.01,202.02,200.39,197.55
2013-07-22,808800.0,194.21,197.97,197.82,193.68
2013-07-23,653900.0,193.99,195.93,194.18,193.51
2013-07-24,1875400.0,191.63,198.59,197.0,191.12
2013-07-25,4412600.0,184.47,191.488,184.87,181.0
2013-07-26,1094500.0,183.75,185.49,183.44,181.99
2013-07-29,1258800.0,180.1,185.24,182.69,179.46
2013-07-30,1059500.0,180.2,182.27,181.59,177.53
2013-07-31,793700.0,179.35,182.45,181.07,178.37
2013-08-01,1474200.0,177.11,181.56,180.18,176.85
2013-08-02,1046600.0,177.23,177.745,176.1,175.05
2013-08-05,740200.0,178.93,179.04,176.7,175.76
2013-08-06,741800.0,177.17,179.44,178.03,176.91
2013-08-07,1022300.0,180.31,180.88,177.11,176.055
2013-08-08,893200.0,181.28,181.81,181.62,179.03
2013-08-09,1601800.0,181.18,183.91,182.0,180.88
2013-08-12,992100.0,178.75,181.25,180.79,178.17
2013-08-13,1180700.0,175.25,179.0,178.65,174.93
2013-08-14,1380600.0,171.85,175.95,173.64,171.64
2013-08-15,3329700.0,165.89,169.99,169.83,163.73
2013-08-16,1393800.0,167.78,169.1,165.71,164.175
2013-08-19,1137200.0,165.99,169.95,168.11,165.85
2013-08-20,788400.0,168.18,169.46,167.08,165.5
2013-08-21,661200.0,166.5,168.885,167.49,166.38
2013-08-22,378700.0,167.29,168.88,166.86,165.28
2013-08-23,543700.0,170.01,170.42,167.32,167.25
2013-08-26,714500.0,169.47,170.9,170.17,168.99
2013-08-27,862600.0,170.23,170.55,167.5,167.245
2013-08-28,703400.0,171.5,172.65,170.09,169.65
2013-08-29,1060600.0,175.86,176.08,171.19,170.83
2013-08-30,656500.0,173.74,176.4675,175.8,173.375
2013-09-03,1090300.0,176.93,177.96,175.56,173.93
2013-09-04,797900.0,176.35,177.93,176.45,175.04
2013-09-05,585100.0,176.66,177.66,175.94,174.21
2013-09-06,851000.0,172.77,177.07,176.29,172.62
2013-09-09,618300.0,177.26,177.71,173.91,173.3
2013-09-10,487700.0,177.23,178.93,177.71,176.38
2013-09-11,794600.0,179.22,179.26,176.84,176.57
2013-09-12,568400.0,177.8,179.86,178.87,176.87
2013-09-13,414100.0,177.052,179.11,178.55,176.64
2013-09-16,1103900.0,173.76,179.0,179.0,170.31
2013-09-17,464400.0,174.94,176.26,174.28,173.5441
2013-09-18,1017600.0,179.24,180.86,175.32,174.24
2013-09-19,1158100.0,183.29,184.42,179.44,178.52
2013-09-20,1362100.0,184.03,184.929,183.51,183.25
2013-09-23,527900.0,183.46,184.0,183.3,181.09
2013-09-24,537400.0,181.39,184.22,183.4,181.19
2013-09-25,432800.0,181.61,183.47,181.06,179.75
2013-09-26,527200.0,183.55,184.11,182.53,181.63
2013-09-27,512100.0,184.14,184.5,182.6,182.225
2013-09-30,745200.0,183.65,184.56,181.84,179.73
2013-10-01,842700.0,181.92,185.44,183.11,179.83
2013-10-02,1191700.0,175.62,181.67,180.05,175.332
2013-10-03,3655900.0,166.61,176.89,175.92,164.7
2013-10-04,1320900.0,167.57,168.73,167.57,166.03
2013-10-07,471300.0,165.7,168.3,166.15,165.68
2013-10-08,912800.0,164.21,166.4399,165.81,162.98
2013-10-09,1260000.0,165.36,166.08,164.37,163.33
2013-10-10,1222400.0,166.33,167.87,166.83,165.48
2013-10-11,468700.0,167.09,167.48,166.37,164.69
2013-10-14,438300.0,166.12,167.029,166.17,164.28
2013-10-15,632100.0,164.02,166.63,165.09,163.64
2013-10-16,606200.0,165.53,167.8,167.8,163.98
2013-10-17,953400.0,168.0,168.98,164.53,164.53
2013-10-18,704500.0,166.84,169.46,169.46,166.12
2013-10-21,1177900.0,167.012,168.38,166.8,166.202
2013-10-22,1294500.0,167.0,168.6,167.81,166.65
2013-10-23,2453700.0,168.652,169.29,166.2,162.51
2013-10-24,2859600.0,174.07,179.53,179.53,168.75
2013-10-25,861200.0,171.54,176.07,175.06,170.58
2013-10-28,594700.0,168.94,172.27,171.29,168.21
2013-10-29,760000.0,168.39,170.49,168.86,166.35
2013-10-30,2046200.0,162.18,168.0,167.97,161.3
2013-10-31,1395300.0,161.252,164.855,162.46,161.23
2013-11-01,883100.0,166.166,166.44,161.0,160.88
2013-11-04,962600.0,164.01,166.85,166.7,163.42
2013-11-05,1314800.0,161.27,163.69,163.03,161.27
2013-11-06,1522700.0,163.26,163.6,162.64,160.4656
2013-11-07,750100.0,159.75,164.239,163.67,159.34
2013-11-08,1943200.0,155.94,161.1,160.73,154.5
2013-11-11,941800.0,157.22,158.69,155.85,155.08
2013-11-12,1468100.0,155.18,157.21,156.27,154.5
2013-11-13,1327800.0,157.83,157.95,154.17,152.82
2013-11-14,1489700.0,162.24,164.9,158.0,156.49
2013-11-15,2948800.0,167.61,172.58,164.87,163.7
2013-11-18,1144200.0,164.138,169.3075,168.13,163.875
2013-11-19,667500.0,161.58,165.265,164.46,161.15
2013-11-20,1120800.0,160.62,163.21,161.59,159.43
2013-11-21,918600.0,160.63,162.57,161.01,159.12
2013-11-22,792400.0,160.31,160.67,160.39,157.76
2013-11-25,904000.0,162.25,163.85,160.23,159.03
2013-11-26,502600.0,162.53,163.5,161.98,161.12
2013-11-27,611600.0,160.62,163.08,163.08,160.5
2013-11-29,261700.0,160.7,162.15,161.34,160.43
2013-12-02,596700.0,159.55,162.0953,161.1,159.39
2013-12-03,1100700.0,159.39,159.68,157.21,155.83
2013-12-04,988200.0,161.79,162.47,158.34,157.94
2013-12-05,1756400.0,167.43,168.77,165.97,164.16
2013-12-06,1023600.0,165.48,169.19,169.19,164.81
2013-12-09,791800.0,168.36,168.88,165.38,165.18
2013-12-10,935400.0,168.58,169.4,166.82,166.09
2013-12-11,731200.0,167.73,170.6199,169.36,167.45
2013-12-12,642600.0,168.0,169.76,167.32,165.98
2013-12-13,533800.0,168.79,169.518,168.06,167.47
2013-12-16,626000.0,169.74,170.12,169.27,167.55
2013-12-17,809600.0,169.02,169.81,168.67,166.59
2013-12-18,875000.0,170.42,170.73,169.41,167.44
2013-12-19,648500.0,169.03,171.11,170.88,168.5
2013-12-20,1338100.0,170.69,171.05,169.29,168.6
2013-12-23,1046700.0,174.82,175.1199,171.84,170.69
2013-12-24,388400.0,175.62,176.59,175.0,174.48
2013-12-26,481000.0,175.92,178.68,176.13,175.56
2013-12-27,405200.0,174.58,177.21,176.86,174.47
2013-12-30,572600.0,173.07,174.99,174.86,172.97
2013-12-31,644500.0,177.45,177.51,173.08,173.005
2014-01-02,823200.0,174.76,177.63,177.63,171.91
2014-01-03,419600.0,173.42,175.41,174.91,172.65
2014-01-06,573000.0,174.18,174.79,174.0,172.56
2014-01-07,1347800.0,179.59,182.02,174.8,173.57
2014-01-08,1091400.0,180.29,180.97,179.68,178.37
2014-01-09,532300.0,177.49,180.68,180.08,176.01
2014-01-10,599600.0,179.01,179.13,177.94,176.52
2014-01-13,931900.0,174.92,179.936,179.82,174.73
2014-01-14,710200.0,178.74,179.28,175.41,175.11
2014-01-15,763000.0,179.53,181.005,178.57,178.33
2014-01-16,735100.0,179.48,180.97,179.3,178.43
2014-01-17,777500.0,175.87,180.43,178.92,175.01
2014-01-21,1021200.0,179.29,179.94,177.53,176.05
2014-01-22,1430800.0,178.97,179.98,179.6,177.33
2014-01-23,2325500.0,182.64,183.0,178.28,177.28
2014-01-24,2153300.0,183.88,187.67,181.14,180.15
2014-01-27,1215400.0,181.07,184.43,184.14,179.36
2014-01-28,736000.0,182.6,182.82,181.07,179.0975
2014-01-29,704400.0,182.64,183.78,182.46,180.02
2014-01-30,762800.0,184.34,185.67,183.32,182.76
2014-01-31,766500.0,185.2,186.5,182.2,181.57
2014-02-03,1977500.0,179.14,185.92,185.78,179.05
2014-02-04,1103300.0,183.99,184.54,180.68,178.58
2014-02-05,730600.0,181.01,183.9899,182.92,180.18
2014-02-06,712800.0,183.06,183.6,181.27,180.95
2014-02-07,970200.0,186.31,186.83,184.09,182.36
2014-02-10,989900.0,189.93,190.13,186.24,184.6901
2014-02-11,770800.0,190.74,191.7,188.98,188.73
2014-02-12,1158800.0,190.75,191.0699,190.02,188.7
2014-02-13,569800.0,191.85,192.69,189.99,188.8
2014-02-14,804700.0,193.24,193.41,191.14,188.89
2014-02-18,959400.0,194.02,194.38,192.12,192.0601
2014-02-19,1125700.0,192.62,194.8,194.75,190.64
2014-02-20,2197200.0,187.95,196.2,191.69,186.0
2014-02-21,1009800.0,189.43,190.02,189.21,187.79
2014-02-24,636600.0,189.79,190.17,189.36,188.89
2014-02-25,1108500.0,188.5,192.7,190.45,188.01
2014-02-26,736400.0,190.0,191.561,189.69,189.32
2014-02-27,700500.0,191.85,193.0,190.11,188.01
2014-02-28,811000.0,189.96,192.21,192.08,188.53
2014-03-03,629700.0,189.47,190.95,188.97,187.38
2014-03-04,709200.0,191.05,191.99,190.63,189.58
2014-03-05,408800.0,192.03,192.8,191.15,189.65
2014-03-06,378000.0,193.77,194.0,192.7,191.18
2014-03-07,497300.0,193.44,194.0,193.92,191.24
2014-03-10,646800.0,192.27,193.94,193.58,190.78
2014-03-11,796700.0,189.86,194.99,191.99,189.42
2014-03-12,538700.0,190.25,191.05,188.94,187.44
2014-03-13,1558300.0,181.71,191.92,190.5,181.63
2014-03-14,669700.0,183.09,183.42,181.1,180.31
2014-03-17,375500.0,183.39,184.81,183.72,181.83
2014-03-18,448000.0,183.19,184.58,183.12,182.24
2014-03-19,1323100.0,180.95,183.75,183.4,178.76
2014-03-20,439800.0,181.44,182.99,182.99,179.8
2014-03-21,888000.0,180.34,182.79,182.65,180.021
2014-03-24,707700.0,181.3,181.9,181.63,178.69
2014-03-25,649600.0,182.5,184.7,183.24,180.44
2014-03-26,881300.0,180.69,184.92,183.57,180.65
2014-03-27,769900.0,181.35,183.07,180.12,179.43
2014-03-28,695800.0,184.02,184.3,181.25,180.11
2014-03-31,699500.0,184.84,185.52,185.0,183.145
2014-04-01,934500.0,185.44,185.99,185.48,184.235
2014-04-02,1097100.0,184.44,186.42,185.68,184.25
2014-04-03,1187600.0,182.98,186.12,186.12,182.26
2014-04-04,1713300.0,179.0,184.9025,183.89,177.96
2014-04-07,1747300.0,177.06,180.25,178.41,175.0
2014-04-08,893000.0,177.48,178.35,177.32,176.03
2014-04-09,946400.0,176.82,178.75,178.19,175.0
2014-04-10,1012700.0,173.35,178.03,176.73,171.88
2014-04-11,807200.0,170.48,173.555,172.27,169.95
2014-04-14,903200.0,171.57,173.41,171.99,170.0
2014-04-15,1054900.0,174.14,174.48,173.59,170.87
2014-04-16,1904000.0,179.75,182.72,175.19,174.51
2014-04-17,967200.0,178.97,183.73,180.16,178.7854
2014-04-21,651500.0,180.31,180.41,178.77,177.64
2014-04-22,471700.0,180.49,181.62,180.46,180.0
2014-04-23,891300.0,180.12,182.9,180.05,179.03
2014-04-24,452400.0,180.54,182.47,182.27,179.0
2014-04-25,786600.0,180.2,180.65,178.79,178.205
2014-04-28,1233100.0,179.85,182.29,181.2,176.49
2014-04-29,1309500.0,185.38,185.49,181.0,180.93
2014-04-30,1079700.0,187.81,188.62,186.9,182.46
2014-05-01,1393300.0,189.02,189.96,188.01,182.29
2014-05-02,767300.0,186.83,189.95,189.87,186.21
2014-05-05,511900.0,190.97,191.35,185.73,183.5301
2014-05-06,991100.0,188.25,191.4825,189.91,188.05
2014-05-07,584300.0,187.36,188.87,188.29,184.04
2014-05-08,611900.0,188.27,190.51,186.54,185.22
2014-05-09,560000.0,190.6,190.82,187.97,186.68
2014-05-12,922800.0,192.29,192.92,191.0,190.59
2014-05-13,846000.0,193.96,195.5,192.51,192.4
2014-05-14,714900.0,195.45,196.83,193.1,192.3
2014-05-15,579000.0,195.92,195.92,195.31,193.0
2014-05-16,718700.0,195.27,196.32,196.14,194.52
2014-05-19,653300.0,196.55,197.33,195.0,193.75
2014-05-20,593900.0,193.52,197.45,196.52,193.27
2014-05-21,506000.0,194.7,195.515,193.9,193.3
2014-05-22,509100.0,195.44,195.8,194.57,193.07
2014-05-23,389100.0,196.41,196.53,195.41,193.52
2014-05-27,945300.0,198.17,198.38,197.45,196.54
2014-05-28,769000.0,198.52,199.67,197.75,197.17
2014-05-29,589600.0,199.56,200.46,198.96,198.07
2014-05-30,506800.0,198.75,199.64,199.64,196.916
2014-06-02,517100.0,200.07,200.58,199.11,197.34
2014-06-03,450500.0,196.72,199.61,199.13,196.68
2014-06-04,657300.0,199.82,200.0,196.0,196.0
2014-06-05,614000.0,200.06,200.59,199.78,198.92
2014-06-06,786600.0,201.98,202.67,200.52,200.01
2014-06-09,737100.0,201.7,203.22,201.58,201.15
2014-06-10,1162600.0,201.98,203.845,200.88,200.88
2014-06-11,750400.0,201.51,203.5,201.79,201.34
2014-06-12,1476300.0,202.75,203.62,201.3,200.31
2014-06-13,1157100.0,206.04,206.19,202.75,201.89
2014-06-16,544200.0,206.81,207.43,205.74,205.46
2014-06-17,807500.0,206.87,208.455,206.19,206.19
2014-06-18,643500.0,208.59,208.8,207.46,206.39
2014-06-19,685200.0,207.3,208.8899,208.66,206.83
2014-06-20,1528400.0,209.198,209.66,208.02,205.47
2014-06-23,612300.0,209.05,209.26,208.91,206.35
2014-06-24,1209300.0,209.46,210.175,209.0,207.97
2014-06-25,730600.0,208.4,211.86,209.97,207.64
2014-06-26,1351600.0,208.67,210.23,208.5,204.61
2014-06-27,910400.0,210.11,210.79,208.47,204.04
2014-06-30,662600.0,210.09,211.28,210.08,208.88
2014-07-01,645400.0,212.51,214.02,211.01,210.99
2014-07-02,502700.0,211.82,214.32,213.02,211.22
2014-07-03,425000.0,212.99,214.5,212.42,211.528
2014-07-07,405400.0,212.22,214.1,212.35,211.47
2014-07-08,921200.0,209.75,212.99,212.08,207.38
2014-07-09,793700.0,212.59,212.69,210.06,208.9207
2014-07-10,688100.0,211.51,212.26,208.53,207.03
2014-07-11,272100.0,211.41,212.49,211.86,210.74
2014-07-14,627300.0,211.16,212.86,212.52,210.93
2014-07-15,368100.0,211.46,212.43,211.2,210.11
2014-07-16,407700.0,210.01,212.08,212.08,208.99
2014-07-17,315000.0,208.53,210.525,209.62,207.76
2014-07-18,332000.0,210.67,218.84,218.84,209.48
2014-07-21,250500.0,210.38,211.1,209.65,208.58
2014-07-22,497400.0,213.19,214.07,211.0,210.88
2014-07-23,579200.0,215.51,216.03,213.64,212.48
2014-07-24,635800.0,217.11,217.56,214.45,213.17
2014-07-25,885400.0,218.01,218.53,215.9,215.61
2014-07-28,1152800.0,217.33,219.605,217.56,216.7
2014-07-29,509400.0,215.09,217.78,217.78,214.78
2014-07-30,450800.0,215.75,217.81,214.55,214.55
2014-07-31,1502500.0,214.52,220.852,216.0,210.001
2014-08-01,617800.0,211.38,214.99,213.56,209.3
2014-08-04,493700.0,211.73,212.52,211.7,209.26
2014-08-05,459500.0,210.62,212.42,210.74,208.92
2014-08-06,306000.0,208.916,210.34,208.8,208.28
2014-08-07,259800.0,209.6,211.61,210.3,207.55
2014-08-08,491800.0,210.4,210.73,210.4,208.39
2014-08-11,720900.0,211.37,213.2,210.54,209.3125
2014-08-12,436700.0,212.625,213.0,211.19,210.01
2014-08-13,355200.0,214.87,215.39,212.71,211.62
2014-08-14,362000.0,217.63,217.71,215.4,214.49
2014-08-15,389200.0,216.95,218.63,218.63,215.1241
2014-08-18,551500.0,219.88,220.47,218.01,216.58
2014-08-19,341000.0,220.7,221.79,219.8,216.5325
2014-08-20,420800.0,220.38,220.71,220.44,219.0
2014-08-21,445800.0,223.58,224.48,220.94,219.69
2014-08-22,964200.0,222.8,224.44,223.56,221.35
2014-08-25,252800.0,221.69,224.13,224.13,220.14
2014-08-26,600100.0,217.25,222.32,221.37,216.63
2014-08-27,385000.0,217.38,218.8,218.8,216.57
2014-08-28,434200.0,216.19,217.28,217.04,215.285
2014-08-29,445100.0,218.26,218.85,217.6,216.2
2014-09-02,634200.0,219.45,219.97,217.65,217.6225
2014-09-03,546400.0,219.255,219.95,219.06,217.37
2014-09-04,431900.0,218.66,220.0,218.58,218.1068
2014-09-05,825800.0,219.32,220.15,218.29,218.11
2014-09-08,638800.0,218.92,219.916,218.81,217.83
2014-09-09,346100.0,216.71,218.65,218.11,216.07
2014-09-10,449700.0,217.77,218.45,217.58,216.09
2014-09-11,345600.0,217.15,217.83,216.7,215.27
2014-09-12,525200.0,216.73,218.06,217.43,213.905
2014-09-15,338400.0,215.65,216.93,216.48,214.65
2014-09-16,666900.0,216.61,218.2,215.45,215.26
2014-09-17,1302100.0,216.74,218.125,216.96,215.64
2014-09-18,522500.0,219.11,219.19,216.68,216.235
2014-09-19,1178900.0,217.48,221.39,220.27,217.29
2014-09-22,414700.0,214.24,216.54,216.38,212.5
2014-09-23,594600.0,209.26,212.46,210.07,209.2
2014-09-24,859600.0,210.09,210.5,208.69,208.05
2014-09-25,531059.0,206.26,210.29,210.04,205.77
2014-09-26,587950.0,209.71,210.25,206.17,205.51
2014-09-29,483897.0,212.07,212.12,208.27,207.094
2014-09-30,593761.0,212.48,213.541,211.84,210.3625
2014-10-01,1170267.0,206.4,212.41,212.41,205.34
2014-10-02,655602.0,204.66,207.48,206.79,202.91
2014-10-03,407769.0,208.77,209.88,205.44,205.05
2014-10-06,545745.0,206.52,210.37,209.62,205.925
2014-10-07,441652.0,202.33,205.84,204.94,201.93
2014-10-08,664792.0,206.69,206.97,202.2,201.32
2014-10-09,663461.0,200.7,207.41,206.65,199.88
2014-10-10,1100558.0,194.12,201.13,200.0,193.66
2014-10-13,693791.0,192.9,196.58,194.62,192.58
2014-10-14,860586.0,196.26,196.3,193.86,192.985
2014-10-15,843237.0,193.4,196.4799,193.24,190.42
2014-10-16,496876.0,192.24,194.56,190.0,190.0
2014-10-17,1275289.0,206.375,208.59,195.17,195.17
2014-10-20,846627.0,203.68,207.35,205.19,201.065
2014-10-21,633890.0,207.05,208.63,204.38,204.23
2014-10-22,1513790.0,200.46,207.518,206.81,200.13
2014-10-23,872491.0,197.73,199.06,196.54,195.33
2014-10-24,923801.0,194.87,195.49,195.17,192.06
2014-10-27,929675.0,191.96,195.86,194.7,190.5
2014-10-28,1244094.0,193.01,193.89,192.78,191.93
2014-10-29,1262170.0,192.43,194.96,193.66,189.55
2014-10-30,1641097.0,207.37,207.86,194.44,192.02
2014-10-31,884830.0,208.9,210.898,210.65,206.93
2014-11-03,1358864.0,210.82,210.92,208.84,208.04
2014-11-04,678331.0,210.74,211.39,210.02,209.05
2014-11-05,460823.0,212.85,213.56,212.93,208.84
2014-11-06,475475.0,214.87,215.75,213.52,212.86
2014-11-07,402966.0,214.03,215.73,215.73,212.82
2014-11-10,759156.0,218.03,218.75,213.49,213.24
2014-11-11,826746.0,222.0,222.88,218.41,216.87
2014-11-12,741512.0,222.19,222.46,220.33,219.4
2014-11-13,665390.0,221.97,224.15,222.18,221.715
2014-11-14,476981.0,222.09,222.25,221.27,220.81
2014-11-17,419853.0,224.27,224.3,222.83,220.84
2014-11-18,440857.0,225.11,226.74,223.77,223.04
2014-11-19,323925.0,225.68,226.29,223.88,222.18
2014-11-20,529381.0,222.57,224.81,223.82,221.23
2014-11-21,469736.0,223.68,225.91,225.35,221.47
2014-11-24,538058.0,224.5,224.57,223.74,221.19
2014-11-25,527924.0,226.53,226.62,224.95,224.0001
2014-11-26,403359.0,226.46,226.85,226.0,224.65
2014-11-28,284322.0,227.17,229.16,227.0,223.8201
2014-12-01,438379.0,224.18,227.22,227.15,224.0
2014-12-02,406831.0,225.41,225.62,224.09,222.68
2014-12-03,327109.0,227.87,228.35,225.69,224.61
2014-12-04,425469.0,230.44,230.56,228.47,226.22
2014-12-05,564388.0,231.68,232.23,231.0,229.94
2014-12-08,376065.0,229.01,231.46,230.6,227.09
2014-12-09,664203.0,229.86,231.14,225.93,225.04
2014-12-10,922434.0,229.73,231.39,229.85,228.23
2014-12-11,653658.0,232.25,233.82,231.13,230.21
2014-12-12,1008897.0,226.33,232.36,229.66,225.7636
2014-12-15,1163730.0,221.86,229.91,227.25,220.24
2014-12-16,682735.0,220.02,223.22,220.34,217.68
2014-12-17,457355.0,224.67,224.94,220.0,218.47
2014-12-18,1052673.0,228.2,231.22,229.01,227.18
2014-12-19,1006071.0,234.1,234.98,227.82,226.57
2014-12-22,462726.0,233.6,235.84,234.81,232.655
2014-12-23,305772.0,231.98,235.47,235.47,231.83
2014-12-24,153333.0,233.16,234.28,233.23,232.0
2014-12-26,324901.0,232.76,235.375,234.37,232.22
2014-12-29,291877.0,229.98,233.54,232.71,229.7
2014-12-30,279348.0,229.68,231.25,229.49,227.97
2014-12-31,350998.0,226.73,230.0,229.6,225.76
2015-01-02,383808.0,226.65,229.56,228.51,224.28
2015-01-05,553587.0,224.32,227.37,226.14,224.26
2015-01-06,826602.0,219.43,226.415,224.19,219.25
2015-01-07,482276.0,220.15,221.545,220.72,219.11
2015-01-08,554358.0,222.78,224.99,221.95,219.9
2015-01-09,709570.0,216.89,223.2,222.23,216.73
2015-01-12,816395.0,216.88,219.164,216.89,215.0
2015-01-13,733209.0,217.25,220.54,218.95,215.23
2015-01-14,712046.0,218.88,219.31,215.55,214.55
2015-01-15,678261.0,218.21,220.175,218.74,217.54
2015-01-16,966676.0,220.24,220.97,218.22,217.09
2015-01-20,391286.0,222.4,223.05,221.39,219.47
2015-01-21,497319.0,223.42,224.587,222.59,220.29
2015-01-22,694820.0,229.15,229.8093,224.01,222.05
2015-01-23,916796.0,230.6,231.32,229.88,228.15
2015-01-26,385511.0,229.41,233.6,233.6,226.97
2015-01-27,486596.0,221.9,229.404,226.06,221.59
2015-01-28,804750.0,217.1,223.148,222.8,215.08
2015-01-29,432096.0,221.92,222.54,216.83,216.61
2015-01-30,389585.0,216.86,220.97,219.09,216.53
2015-02-02,680997.0,218.0,219.98,218.05,213.89
2015-02-03,556209.0,223.595,223.72,219.68,218.5
2015-02-04,421332.0,222.12,224.25,221.43,221.3901
2015-02-05,486450.0,225.8,226.235,223.51,220.12
2015-02-06,440601.0,219.43,226.95,226.95,218.33
2015-02-09,704219.0,217.3,219.27,218.04,214.49
2015-02-10,425466.0,219.82,222.21,219.32,217.25
2015-02-11,481263.0,221.07,222.49,221.35,219.63
2015-02-12,539579.0,227.735,228.95,223.69,222.7
2015-02-13,387888.0,227.7,229.02,228.93,227.38
2015-02-17,498666.0,225.18,227.69,226.39,224.16
2015-02-18,723332.0,228.91,229.48,222.77,222.47
2015-02-19,639119.0,229.41,230.71,227.9,224.535
2015-02-20,1637540.0,235.38,238.81,225.86,220.84
2015-02-23,839412.0,232.96,235.49,234.24,230.69
2015-02-24,690688.0,232.17,233.375,232.19,230.4
2015-02-25,502247.0,228.39,233.55,232.38,227.79
2015-02-26,329526.0,226.4,228.9,228.38,225.55
2015-02-27,479430.0,224.175,227.89,227.89,223.65
2015-03-02,723647.0,223.64,226.62,224.93,221.23
2015-03-03,619344.0,221.12,224.686,224.0,219.295
2015-03-04,805284.0,223.83,225.28,219.74,219.74
2015-03-05,1314099.0,234.3,235.27,223.8,223.37
2015-03-06,1320744.0,235.52,238.71,232.72,230.12
2015-03-09,704240.0,231.25,235.19,234.56,230.16
2015-03-10,501373.0,227.65,230.01,229.43,225.95
2015-03-11,549350.0,227.02,228.8,228.24,225.93
2015-03-12,640200.0,231.49,232.9,227.81,226.332
2015-03-13,717128.0,230.49,232.44,230.59,227.91
2015-03-16,957355.0,236.14,237.81,232.53,232.52
2015-03-17,430531.0,234.26,236.865,234.72,233.32
2015-03-18,711746.0,236.51,236.78,233.33,230.66
2015-03-19,699917.0,235.9,236.975,234.62,234.158
2015-03-20,13250959.0,238.95,244.97,237.94,237.12
2015-03-23,791857.0,238.65,239.99,239.26,235.8
2015-03-24,646404.0,231.34,238.6,237.46,231.25
2015-03-25,628386.0,228.86,232.09,231.35,227.69
2015-03-26,555634.0,227.86,228.92,226.31,225.02
2015-03-27,518078.0,229.725,230.6,226.57,226.57
2015-03-30,647072.0,234.22,234.52,230.82,229.31
2015-03-31,913240.0,232.85,236.54,232.74,231.4601
2015-04-01,611292.0,233.59,233.95,233.31,230.61
2015-04-02,470712.0,235.6,236.71,233.29,230.96
2015-04-06,306989.0,235.15,236.54,233.33,231.9201
2015-04-07,301786.0,234.29,237.2,235.61,234.18
2015-04-08,637696.0,239.09,239.67,235.11,233.72
2015-04-09,440093.0,240.06,240.3,238.96,238.66
2015-04-10,524697.0,239.65,241.24,240.06,236.48
2015-04-13,625277.0,239.77,242.32,239.76,239.46
2015-04-14,503662.0,241.49,242.03,239.28,237.65
2015-04-15,509905.0,241.19,242.95,242.33,241.03
2015-04-16,569440.0,241.56,242.96,240.11,240.11
2015-04-17,860036.0,236.14,240.83,238.26,233.19
2015-04-20,508787.0,239.87,240.61,238.0,236.9608
2015-04-21,779701.0,243.78,244.98,240.59,239.6301
2015-04-22,596020.0,244.78,245.5,244.88,242.88
2015-04-23,587708.0,246.925,248.3,244.01,242.49
2015-04-24,504680.0,246.065,247.6925,246.65,245.3001
2015-04-27,800748.0,244.85,246.41,244.99,243.32
2015-04-28,731080.0,246.38,247.83,244.16,243.73
2015-04-29,716222.0,244.8,246.98,244.45,242.77
2015-04-30,1743423.0,255.93,262.0,255.25,249.7
2015-05-01,1149774.0,258.88,260.0,258.93,256.24
2015-05-04,1009045.0,259.13,260.3,260.3,257.8
2015-05-05,978144.0,257.18,259.86,258.24,257.17
2015-05-06,805838.0,258.28,259.47,258.81,256.04
2015-05-07,1534227.0,262.0,270.46,265.25,261.21
2015-05-08,862457.0,267.93,269.89,264.09,262.09
2015-05-11,601891.0,263.42,269.798,268.28,263.25
2015-05-12,945290.0,259.3,261.688,261.05,258.265
2015-05-13,612100.0,259.68,261.56,259.61,256.9
2015-05-14,409018.0,261.41,262.055,260.67,258.13
2015-05-15,386289.0,260.4,261.62,261.62,259.585
2015-05-18,327054.0,262.29,264.11,260.49,259.16
2015-05-19,377754.0,263.68,263.98,261.97,260.98
2015-05-20,1201491.0,269.9,270.15,269.91,266.19
2015-05-21,2051936.0,268.22,268.75,266.88,263.21
2015-05-22,645092.0,268.0,268.13,266.74,265.57
2015-05-26,578307.0,266.77,267.35,265.03,263.54
2015-05-27,390160.0,270.01,270.04,267.7,265.045
2015-05-28,590692.0,269.19,270.515,269.69,267.71
2015-05-29,1129408.0,268.07,269.36,268.03,265.645
2015-06-01,557547.0,270.15,274.13,274.13,267.95
2015-06-02,1008624.0,268.95,269.96,266.68,265.84
2015-06-03,882563.0,266.14,268.95,268.32,265.64
2015-06-04,917185.0,263.06,266.49,264.57,262.3
2015-06-05,656270.0,263.05,265.0035,263.04,261.89
2015-06-08,402305.0,261.45,264.81,263.61,261.37
2015-06-09,514367.0,257.81,262.82,260.85,257.0
2015-06-10,482799.0,260.37,262.18,258.46,257.63
2015-06-11,314006.0,260.93,262.51,261.01,260.68
2015-06-12,458968.0,260.72,261.81,259.92,259.07
2015-06-15,555905.0,255.86,260.65,258.1,255.76
2015-06-16,817605.0,255.7,257.79,252.8,252.62
2015-06-17,794974.0,257.12,258.22,257.95,255.69
2015-06-18,1183564.0,261.35,261.86,257.73,256.09
2015-06-19,2106422.0,262.79,263.19,261.34,260.04
2015-06-22,449040.0,260.04,264.984,264.07,259.66
2015-06-23,525472.0,259.26,261.03,259.9,258.55
2015-06-24,451629.0,256.11,260.09,259.01,254.91
2015-06-25,517368.0,256.59,257.48,255.9,255.26
2015-06-26,774986.0,258.87,258.89,256.53,254.81
2015-06-29,800913.0,250.33,257.0,256.66,249.985
2015-06-30,699560.0,254.0,255.17,251.59,249.96
2015-07-01,466348.0,255.64,256.15,255.54,253.14
2015-07-02,349549.0,255.34,257.21,256.14,253.81
2015-07-06,544012.0,255.51,256.21,253.14,251.45
2015-07-07,817543.0,257.5,258.82,255.51,253.0
2015-07-08,520483.0,256.35,259.62,257.0,256.17
2015-07-09,518358.0,256.68,260.2,258.64,255.95
2015-07-10,544934.0,258.78,261.66,260.04,257.83
2015-07-13,435262.0,259.94,262.52,260.18,258.85
2015-07-14,361471.0,261.07,262.47,260.1,259.39
2015-07-15,379244.0,259.8,263.39,261.1,258.75
2015-07-16,484203.0,262.12,263.67,261.46,260.02
2015-07-17,438615.0,263.5,263.87,261.67,260.05
2015-07-20,679243.0,270.24,270.555,263.94,263.07
2015-07-21,475207.0,268.84,272.32,270.24,268.64
2015-07-22,461701.0,269.55,271.59,268.55,267.665
2015-07-23,539076.0,269.39,273.05,269.32,267.72
2015-07-24,653414.0,276.06,276.12,268.3,267.38
2015-07-27,748819.0,276.64,277.54,274.85,271.35
2015-07-28,993575.0,279.2,281.36,278.94,275.52
2015-07-29,714226.0,279.22,280.5,278.97,276.87
2015-07-30,821594.0,282.58,288.12,281.4,280.06
2015-07-31,524564.0,278.91,284.15,283.67,278.68
2015-08-03,642697.0,282.89,284.27,279.77,277.69
2015-08-04,419905.0,280.04,284.26,281.99,279.55
2015-08-05,472615.0,280.45,283.61,281.59,279.43
2015-08-06,520781.0,280.0,281.05,281.04,274.66
2015-08-07,310037.0,280.39,280.74,279.97,273.02
2015-08-10,997348.0,280.09,283.44,282.89,278.0
2015-08-11,551265.0,279.43,282.49,278.43,276.97
2015-08-12,697394.0,280.35,281.58,277.44,275.23
2015-08-13,539318.0,282.23,284.26,283.97,278.84
2015-08-14,980085.0,284.4,287.78,285.11,281.89
2015-08-17,404862.0,284.51,284.57,282.83,281.0901
2015-08-18,405528.0,287.42,287.75,284.44,283.47
2015-08-19,494226.0,285.59,288.5,286.13,283.975
2015-08-20,568724.0,279.96,284.65,284.22,279.92
2015-08-21,1271921.0,271.31,279.79,277.16,271.31
2015-08-24,1310879.0,255.53,267.09,260.0,251.0001
2015-08-25,1294221.0,251.11,263.6689,260.31,250.86
2015-08-26,1076962.0,260.8,261.81,257.02,252.03
2015-08-27,704691.0,266.14,268.18,262.09,261.52
2015-08-28,588573.0,268.78,270.0,264.71,264.49
2015-08-31,4911617.0,269.77,270.1,267.52,265.0
2015-09-01,1298238.0,262.87,266.77,265.09,260.43
2015-09-02,1049085.0,269.95,269.98,264.99,263.62
2015-09-03,1005966.0,274.44,275.18,269.51,269.4072
2015-09-04,824716.0,269.88,273.23,272.82,268.07
2015-09-08,850037.0,279.28,279.75,271.22,270.26
2015-09-09,884540.0,281.0,283.72,282.36,280.51
2015-09-10,1220461.0,285.14,287.91,279.72,279.12
2015-09-11,1095955.0,289.62,289.62,284.57,283.16
2015-09-14,1071365.0,289.7,291.62,289.87,287.15
2015-09-15,784945.0,290.05,291.71,290.75,288.32
2015-09-16,675088.0,290.57,291.16,289.51,286.4047
2015-09-17,899212.0,290.07,294.49,290.64,288.475
2015-09-18,1469814.0,285.51,294.46,285.89,283.29
2015-09-21,596630.0,292.02,292.46,287.52,286.21
2015-09-22,622431.0,288.45,289.87,285.8,285.8
2015-09-23,527511.0,288.89,289.81,287.45,284.58
2015-09-24,841463.0,279.67,289.83,287.71,279.06
2015-09-25,1019780.0,279.3,285.44,284.17,277.6
2015-09-28,949334.0,270.49,284.61,279.0,269.67
2015-09-29,1202817.0,268.98,271.5,271.5,268.12
2015-09-30,771384.0,273.4,273.89,270.45,269.13
2015-10-01,828069.0,276.46,276.74,274.86,271.7
2015-10-02,536229.0,279.58,279.67,271.98,270.0
2015-10-05,636564.0,283.44,285.0,281.25,279.9
2015-10-06,744164.0,271.55,278.0,272.96,270.07
2015-10-07,1032679.0,265.41,273.48,273.46,263.2
2015-10-08,766569.0,267.34,267.675,265.13,262.6
2015-10-09,749025.0,269.88,270.61,267.09,265.58
2015-10-12,510251.0,272.56,273.284,269.41,269.41
2015-10-13,555013.0,271.7,273.4,270.93,269.33
2015-10-14,723960.0,274.7,275.75,271.08,269.728
2015-10-15,755412.0,280.1,280.4,275.45,270.0001
2015-10-16,569873.0,286.3,286.56,281.2,276.27
2015-10-19,840089.0,290.71,291.27,284.97,283.96
2015-10-20,646836.0,293.36,293.9,290.88,289.75
2015-10-21,818292.0,292.28,296.69,294.73,291.89
2015-10-22,1297263.0,294.62,296.39,292.59,292.33
2015-10-23,974045.0,294.84,297.58,297.58,292.0
2015-10-26,894360.0,301.2,301.77,295.27,294.28
2015-10-27,846641.0,296.09,300.74,300.08,295.45
2015-10-28,1290815.0,294.59,297.85,296.8,290.3701
2015-10-29,1198431.0,292.91,301.68,291.31,285.74
2015-10-30,690584.0,296.68,298.36,293.62,291.0
2015-11-02,679809.0,303.58,304.73,297.77,297.33
2015-11-03,609100.0,299.31,303.57,302.69,297.41
2015-11-04,622530.0,295.99,302.32,299.34,292.92
2015-11-05,485787.0,295.8,297.09,295.61,291.25
2015-11-06,853895.0,290.37,298.0,295.42,287.0
2015-11-09,869783.0,292.4,293.935,291.01,287.13
2015-11-10,789724.0,297.54,297.7,292.38,290.56
2015-11-11,589534.0,296.92,301.55,299.8,296.02
2015-11-12,432510.0,294.74,298.16,296.22,294.62
2015-11-13,659344.0,291.07,296.0,294.68,290.13
2015-11-16,531453.0,295.39,295.54,290.09,290.0
2015-11-17,877076.0,299.07,302.755,293.24,291.98
2015-11-18,1114150.0,293.09,298.96,298.96,287.51
2015-11-19,2297324.0,286.11,288.5,287.75,282.8
2015-11-20,1885552.0,298.6,298.6,286.89,286.3
2015-11-23,640594.0,297.73,300.8,297.76,295.04
2015-11-24,599475.0,293.21,298.17,296.69,293.13
2015-11-25,357249.0,295.13,296.51,293.83,292.135
2015-11-27,226677.0,297.75,298.33,295.01,293.6
2015-11-30,679457.0,296.5,298.98,297.75,292.74
2015-12-01,489981.0,300.63,300.81,297.7,296.5
2015-12-02,518827.0,299.66,303.14,300.77,299.25
2015-12-03,683768.0,295.22,300.0,298.37,293.9
2015-12-04,838661.0,301.2,301.755,296.22,291.9494
2015-12-07,538173.0,297.58,302.41,302.41,296.6
2015-12-08,690194.0,298.1,301.1,295.52,295.145
2015-12-09,671925.0,298.24,300.65,297.69,295.37
2015-12-10,700104.0,295.65,299.34,297.84,293.94
2015-12-11,809724.0,289.94,295.24,292.59,287.3
2015-12-14,1173554.0,293.55,298.69,290.79,290.23
2015-12-15,1006395.0,290.02,295.17,294.67,289.92
2015-12-16,1140923.0,295.49,296.57,290.88,290.12
2015-12-17,682001.0,293.41,297.34,296.21,292.435
2015-12-18,2004952.0,289.35,294.79,292.2,289.35
2015-12-21,881677.0,295.74,296.13,291.07,289.22
2015-12-22,583558.0,296.93,298.53,295.99,292.6
2015-12-23,542880.0,297.35,297.93,297.93,292.85
2015-12-24,206660.0,297.19,298.45,296.99,295.912
2015-12-28,338413.0,300.91,301.55,296.56,295.29
2015-12-29,416390.0,304.98,305.0,305.0,301.95
2015-12-30,320997.0,302.69,304.825,303.44,302.2
2015-12-31,404825.0,302.4,304.37,302.49,299.597
2016-01-04,879636.0,296.08,300.6,299.75,293.25
2016-01-05,1440339.0,303.41,304.53,297.98,294.165
2016-01-06,1147466.0,309.13,310.28,299.64,298.88
2016-01-07,1151912.0,303.29,306.7,304.73,302.25
2016-01-08,1463330.0,309.79,312.29,304.6,304.32
2016-01-11,1605921.0,312.88,318.36,311.74,309.36
2016-01-12,860584.0,314.92,316.0,314.76,309.83
2016-01-13,1222889.0,305.58,316.2,314.24,304.69
2016-01-14,3697919.0,310.99,315.5,306.07,297.2877
2016-01-15,1256273.0,303.19,309.97,305.01,299.8
2016-01-19,1831562.0,295.11,308.94,308.5,289.72
2016-01-20,1383640.0,294.36,297.25,290.84,281.85
2016-01-21,860683.0,289.78,295.35,294.29,287.31
2016-01-22,1268777.0,297.05,298.55,293.7,291.36
2016-01-25,1369679.0,299.93,306.31,296.26,295.78
2016-01-26,1045178.0,303.64,305.99,304.18,299.875
2016-01-27,1089627.0,299.57,307.96,304.24,297.02
2016-01-28,1032436.0,300.22,309.96,301.25,295.51
2016-01-29,1145292.0,310.57,310.83,301.33,300.01
2016-02-01,812171.0,311.44,315.81,310.05,308.88
2016-02-02,1013484.0,312.59,313.87,307.93,307.26
2016-02-03,1268060.0,309.54,314.875,313.5,304.34
2016-02-04,1032945.0,308.45,314.08,312.17,305.36
2016-02-05,1390322.0,288.44,307.34,306.91,288.11
2016-02-08,1850272.0,268.84,286.0,285.88,261.81
2016-02-09,2096993.0,265.05,269.99,268.69,255.45
2016-02-10,1498106.0,273.34,278.28,268.05,266.29
2016-02-11,978637.0,275.05,279.29,265.4,265.4
2016-02-12,1081554.0,284.88,285.17,279.54,276.56
2016-02-16,1304615.0,291.3,291.6789,285.82,284.44
2016-02-17,1320140.0,290.65,296.43,291.3,285.95
2016-02-18,1178341.0,290.31,293.67,288.02,286.95
2016-02-19,2164379.0,299.37,304.13,287.9,284.76
2016-02-22,941409.0,299.83,304.83,302.17,298.17
2016-02-23,969912.0,292.06,299.9,298.85,290.62
2016-02-24,1078448.0,295.01,296.61,290.59,287.69
2016-02-25,999768.0,307.49,307.62,296.23,296.23
2016-02-26,897731.0,306.77,315.06,306.49,303.66
2016-02-29,1017152.0,303.69,308.77,305.31,302.9501
2016-03-01,1334962.0,308.4,308.57,306.24,303.02
2016-03-02,1016256.0,304.01,308.0,307.71,299.3
2016-03-03,1113135.0,310.59,310.81,302.78,301.7
2016-03-04,1009112.0,309.72,311.44,310.59,303.5
2016-03-07,1080213.0,297.73,308.02,305.89,294.05
2016-03-08,795362.0,298.75,303.72,295.84,295.3701
2016-03-09,675148.0,301.26,303.7,299.92,299.29
2016-03-10,811407.0,306.71,307.595,303.46,301.3
2016-03-11,983607.0,318.0,319.36,310.0,308.66
2016-03-14,836849.0,314.02,315.67,313.77,309.37
2016-03-15,850764.0,312.47,315.61,311.26,311.26
2016-03-16,671316.0,316.76,318.32,310.28,310.28
2016-03-17,1008878.0,316.98,321.45,316.59,315.07
2016-03-18,1049166.0,315.76,318.29,317.5,314.2
2016-03-21,619912.0,317.39,319.0,314.76,311.95
2016-03-22,529078.0,319.04,320.445,315.65,315.31
2016-03-23,456945.0,319.36,320.49,319.31,317.72
2016-03-24,548031.0,320.75,323.0,317.96,317.8
2016-03-28,389662.0,323.77,324.97,321.7,320.69
2016-03-29,515300.0,329.34,329.41,322.77,322.77
2016-03-30,534659.0,328.11,331.67,330.29,327.79
2016-03-31,819299.0,330.71,331.8,327.54,326.96
2016-04-01,499880.0,329.94,332.2,328.31,327.7101
2016-04-04,515202.0,333.11,334.18,331.95,330.34
2016-04-05,427935.0,328.64,333.21,330.0,328.24
2016-04-06,735872.0,327.41,329.695,328.01,326.158
2016-04-07,573568.0,325.81,326.95,325.6,323.12
2016-04-08,554756.0,325.99,329.72,328.72,322.92
2016-04-11,609213.0,323.99,328.0,327.96,323.46
2016-04-12,663013.0,322.13,326.2,326.2,321.21
2016-04-13,519969.0,321.55,322.4,322.4,318.41
2016-04-14,357191.0,320.75,322.19,320.78,318.6
2016-04-15,480384.0,324.1,325.32,320.5,319.64
2016-04-18,303694.0,325.59,326.01,323.01,322.23
2016-04-19,318692.0,324.86,327.88,327.21,321.68
2016-04-20,464180.0,325.11,326.96,325.07,322.34
2016-04-21,695541.0,319.89,329.32,324.23,318.07
2016-04-22,395266.0,322.01,322.92,320.14,316.3
2016-04-25,373665.0,326.82,326.85,321.54,320.16
2016-04-26,652994.0,330.11,333.45,326.57,325.565
2016-04-27,623978.0,331.82,334.57,330.05,326.25
2016-04-28,472117.0,328.24,334.62,330.77,327.19
2016-04-29,465495.0,330.35,331.84,327.17,324.685
2016-05-02,394960.0,333.62,333.854,331.1,329.5
2016-05-03,625683.0,332.89,333.49,332.45,328.26
2016-05-04,1049764.0,334.83,337.12,330.82,330.015
2016-05-05,1011560.0,330.89,336.91,334.26,326.95
2016-05-06,820231.0,336.96,337.79,328.81,326.56
2016-05-09,529042.0,341.04,343.47,336.9,335.535
2016-05-10,435294.0,341.11,342.975,341.93,339.5601
2016-05-11,584318.0,340.68,343.38,341.57,337.78
2016-05-12,491779.0,346.21,346.98,342.6,338.83
2016-05-13,354102.0,344.37,347.63,346.2,343.18
2016-05-16,414108.0,348.6,348.75,344.91,343.51
2016-05-17,462933.0,342.32,348.3,345.0,341.45
2016-05-18,550839.0,342.05,344.85,342.03,336.6
2016-05-19,610502.0,343.05,345.48,338.98,338.98
2016-05-20,535366.0,345.0,346.41,344.28,340.06
2016-05-23,332685.0,344.66,345.86,343.34,341.4
2016-05-24,1005354.0,354.73,355.23,345.65,344.68
2016-05-25,898682.0,357.73,359.12,356.74,353.44
2016-05-26,756742.0,363.09,363.22,358.38,356.8
2016-05-27,824720.0,366.56,368.69,363.1,363.1
2016-05-31,1151528.0,362.0,368.89,368.76,361.54
2016-06-01,643253.0,365.94,366.02,360.97,360.2101
2016-06-02,587105.0,367.53,367.82,364.94,362.94
2016-06-03,593102.0,364.69,368.87,367.55,362.14
2016-06-06,1001821.0,369.29,370.24,365.0,364.87
2016-06-07,568683.0,370.95,374.39,369.2,369.05
2016-06-08,598763.0,372.94,373.745,372.57,369.99
2016-06-09,396378.0,373.21,373.88,371.73,371.51
2016-06-10,704115.0,370.3,374.19,372.69,368.47
2016-06-13,703320.0,369.32,376.73,370.01,369.01
2016-06-14,884710.0,369.31,371.34,369.0,367.2
2016-06-15,442813.0,372.1,373.51,370.8,368.4175
2016-06-16,830838.0,377.46,378.26,369.25,369.25
2016-06-17,1338104.0,374.58,378.31,375.65,369.225
2016-06-20,552142.0,373.91,379.0,378.78,373.67
2016-06-21,553784.0,379.51,380.26,374.66,374.66
2016-06-22,688430.0,379.65,383.83,383.19,379.481
2016-06-23,898594.0,385.43,387.45,381.72,375.88
2016-06-24,1408905.0,375.95,384.085,373.21,370.57
2016-06-27,845661.0,371.16,375.21,374.99,367.48
2016-06-28,579776.0,377.03,377.58,373.31,372.07
2016-06-29,614699.0,386.02,386.49,379.35,379.35
2016-06-30,525849.0,387.73,387.93,387.02,383.15
2016-07-01,397399.0,386.88,390.74,387.82,384.76
2016-07-05,469009.0,386.14,388.38,386.0,383.71
2016-07-06,627233.0,387.44,388.26,384.31,379.59
2016-07-07,386179.0,382.68,387.83,387.34,381.8828
2016-07-08,400017.0,389.45,390.5,384.65,384.21
2016-07-11,331503.0,388.75,391.07,390.01,385.24
2016-07-12,446180.0,387.2,390.39,389.73,383.47
2016-07-13,322009.0,386.71,389.41,389.08,384.74
2016-07-14,392801.0,383.81,390.0,388.29,381.38
2016-07-15,763186.0,379.97,381.98,381.98,377.37
2016-07-18,337642.0,380.4,381.51,380.95,378.14
2016-07-19,499883.0,380.01,381.42,379.22,378.48
2016-07-20,393121.0,379.45,381.91,380.8,378.94
2016-07-21,571948.0,372.56,378.73,378.33,370.35
2016-07-22,597361.0,376.86,378.98,373.5,372.87
2016-07-25,271226.0,376.33,378.1,377.17,372.61
2016-07-26,284926.0,377.44,379.22,377.2,370.005
2016-07-27,346429.0,373.74,377.47,377.22,371.83
2016-07-28,435928.0,380.17,380.79,374.0,373.27
2016-07-29,607446.0,372.87,380.86,380.0,372.8
2016-08-01,434312.0,378.97,379.2899,373.93,372.95
2016-08-02,541057.0,373.46,380.0,379.22,371.413
2016-08-03,742581.0,370.34,375.69,372.24,368.63
2016-08-04,893535.0,371.4,374.18,372.86,366.011
2016-08-05,661899.0,365.5,373.725,371.95,365.24
2016-08-08,713394.0,364.3,365.47,364.9,361.22
2016-08-09,490761.0,367.23,369.91,364.15,363.67
2016-08-10,320289.0,367.83,370.2,367.51,365.63
2016-08-11,524178.0,367.75,369.275,367.51,362.75
2016-08-12,342178.0,369.04,370.95,366.62,365.72
2016-08-15,329135.0,371.33,372.72,368.76,368.495
2016-08-16,398650.0,367.08,371.47,370.33,366.72
2016-08-17,558722.0,367.0,367.88,367.88,362.67
2016-08-18,488895.0,363.97,369.65,366.59,363.73
2016-08-19,373479.0,366.31,367.49,363.52,361.43
2016-08-22,376302.0,366.97,368.61,367.21,364.02
2016-08-23,324118.0,368.14,370.0,369.03,367.05
2016-08-24,495420.0,364.77,369.51,367.63,363.89
2016-08-25,342301.0,363.98,366.785,364.6,362.53
2016-08-26,599686.0,364.72,368.35,364.43,362.09
2016-08-29,437521.0,368.34,369.9,365.92,365.165
2016-08-30,472360.0,368.07,369.23,368.19,364.82
2016-08-31,571517.0,368.65,370.91,367.72,366.97
2016-09-01,452277.0,366.76,369.665,368.41,365.01
2016-09-02,641928.0,371.46,371.81,367.43,367.43
2016-09-06,870853.0,377.97,378.65,374.29,371.79
2016-09-07,580258.0,378.2,378.92,378.05,376.29
2016-09-08,780928.0,373.03,379.23,377.19,372.86
2016-09-09,731869.0,362.78,372.51,371.47,362.57
2016-09-12,716706.0,366.0,367.9,363.03,362.305
2016-09-13,624881.0,356.91,364.92,363.01,356.51
2016-09-14,488286.0,355.29,359.71,356.18,354.33
2016-09-15,501543.0,361.79,362.53,353.96,352.51
2016-09-16,1050412.0,358.21,361.5,359.82,356.38
2016-09-19,514187.0,366.73,366.79,360.45,359.2
2016-09-20,1445434.0,355.01,369.29,367.49,349.6
2016-09-21,1038643.0,356.91,357.32,355.33,348.1
2016-09-22,465347.0,360.38,361.81,359.55,358.62
2016-09-23,417742.0,359.78,361.13,359.72,355.53
2016-09-26,359338.0,362.4,363.05,358.09,357.43
2016-09-27,381745.0,362.26,364.66,364.66,361.285
2016-09-28,478201.0,362.38,363.965,363.85,360.47
2016-09-29,405900.0,359.95,362.92,360.28,357.88
2016-09-30,611349.0,360.25,363.48,360.3,357.32
2016-10-03,449494.0,356.19,360.63,360.63,354.9901
2016-10-04,527185.0,353.12,357.36,357.36,351.09
2016-10-05,818445.0,349.03,354.685,353.13,342.28
2016-10-06,510769.0,353.15,354.4,348.16,345.92
2016-10-07,390354.0,351.09,354.99,354.14,347.97
2016-10-10,491489.0,356.42,358.69,352.12,351.36
2016-10-11,475073.0,352.8,357.69,350.06,350.06
2016-10-12,449307.0,359.9,360.25,353.0,351.7
2016-10-13,456314.0,361.9,361.99,356.95,355.705
2016-10-14,286852.0,361.72,366.28,363.51,360.56
2016-10-17,286255.0,361.15,363.995,361.48,359.07
2016-10-18,332619.0,365.94,368.4392,362.38,362.08
2016-10-19,541023.0,368.51,369.11,367.4,362.965
2016-10-20,612001.0,367.98,369.7995,369.45,365.53
2016-10-21,345271.0,369.91,371.1,365.47,364.75
2016-10-24,323132.0,372.11,374.26,371.99,369.16
2016-10-25,405456.0,373.22,374.09,370.58,367.76
2016-10-26,382511.0,367.91,373.95,372.79,367.36
2016-10-27,995298.0,351.56,369.9899,368.1,350.17
2016-10-28,470622.0,354.97,355.66,352.25,350.35
2016-10-31,424912.0,357.28,359.22,354.59,350.2408
2016-11-01,891120.0,347.71,357.78,357.78,347.45
2016-11-02,924608.0,346.17,349.72,348.05,343.22
2016-11-03,1061312.0,338.71,347.66,347.66,338.1
2016-11-04,1570670.0,340.52,341.1,339.05,333.86
2016-11-07,761208.0,350.14,350.73,343.81,341.72
2016-11-08,714456.0,356.25,358.1995,351.44,349.76
2016-11-09,806276.0,347.93,350.44,347.19,343.11
2016-11-10,1623411.0,330.8,347.32,347.32,321.85
2016-11-11,855101.0,325.05,334.48,330.89,324.505
2016-11-14,897133.0,330.2,331.0,323.56,314.55
2016-11-15,1022360.0,336.34,343.81,331.12,330.2
2016-11-16,479712.0,335.98,336.19,334.49,330.775
2016-11-17,445315.0,331.14,337.6,335.07,330.34
2016-11-18,535257.0,333.24,335.55,331.72,331.14
2016-11-21,380803.0,335.94,337.6,334.35,333.43
2016-11-22,526558.0,343.96,345.22,336.92,335.54
2016-11-23,494312.0,338.21,344.14,343.73,336.73
2016-11-25,235573.0,339.76,341.39,337.74,336.67
2016-11-28,422165.0,341.23,343.68,338.5,338.5
2016-11-29,431992.0,343.39,347.83,339.57,338.055
2016-11-30,922958.0,338.76,343.15,342.5,336.335
2016-12-01,686354.0,329.42,338.45,338.45,327.86
2016-12-02,601219.0,330.68,335.08,327.76,327.76
2016-12-05,402770.0,332.08,333.72,332.26,331.0
2016-12-06,948756.0,329.49,342.81,333.61,329.18
2016-12-07,829113.0,339.0,339.54,330.21,327.37
2016-12-08,647682.0,346.46,348.33,338.47,337.91
2016-12-09,579061.0,346.03,351.14,345.05,343.59
2016-12-12,895123.0,357.22,359.44,344.93,343.5511
2016-12-13,794308.0,361.39,369.67,357.12,357.12
2016-12-14,872677.0,354.59,364.3,361.25,354.07
2016-12-15,963884.0,349.81,356.93,355.26,348.8
2016-12-16,988632.0,350.0,354.97,351.25,349.06
2016-12-19,501963.0,354.49,355.88,351.42,349.495
2016-12-20,513085.0,354.74,357.45,355.17,352.64
2016-12-21,596249.0,350.02,356.74,355.49,349.76
2016-12-22,628042.0,351.04,351.76,350.96,347.99
2016-12-23,338162.0,356.61,358.1399,352.1,350.37
2016-12-27,294792.0,356.72,359.6499,356.78,355.11
2016-12-28,294428.0,353.86,359.55,357.22,353.43
2016-12-29,372039.0,357.09,358.93,353.42,351.89
2016-12-30,501346.0,357.41,358.34,358.15,353.48
2017-01-03,411497.0,358.72,360.48,357.29,355.18
2017-01-04,644347.0,365.91,367.3,358.53,357.1
2017-01-05,492920.0,369.75,370.0,366.21,363.18
2017-01-06,458371.0,370.49,373.09,369.94,367.89
2017-01-09,568303.0,373.19,375.15,370.49,368.17
2017-01-10,450017.0,370.03,373.51,373.51,368.01
2017-01-11,547995.0,371.58,374.8,369.18,368.69
2017-01-12,453389.0,374.15,374.75,371.42,368.8
2017-01-13,260011.0,374.95,377.2,373.64,372.2
2017-01-17,363203.0,376.13,378.91,374.77,373.295
2017-01-18,353081.0,376.73,378.9,377.12,375.05
2017-01-19,628243.0,381.15,381.96,376.73,375.33
2017-01-20,397535.0,383.27,383.46,381.99,380.56
2017-01-23,533226.0,385.35,387.4,382.64,381.41
2017-01-24,401668.0,389.66,389.97,386.5,384.06
2017-01-25,597835.0,384.43,390.52,389.31,383.135
2017-01-26,507466.0,384.21,387.33,383.29,382.55
2017-01-27,353009.0,382.96,385.52,385.26,382.0
2017-01-30,313007.0,386.37,386.44,381.89,380.8801
2017-01-31,333620.0,384.98,387.92,386.45,383.71
2017-02-01,471752.0,381.3,386.795,385.0,380.88
2017-02-02,338974.0,383.08,385.3699,381.92,380.32
2017-02-03,286168.0,384.82,386.4,385.39,384.09
2017-02-06,380452.0,381.67,385.7,385.26,381.26
2017-02-07,383494.0,380.64,383.55,381.87,380.32
2017-02-08,466569.0,383.97,384.42,381.63,380.41
2017-02-09,471115.0,385.8,387.13,384.43,382.52
2017-02-10,334052.0,386.45,387.48,386.85,384.34
2017-02-13,339234.0,386.69,388.3,388.3,384.81
2017-02-14,329605.0,382.64,386.9,386.9,380.1382
2017-02-15,457244.0,380.76,383.61,379.79,378.75
2017-02-16,1233788.0,373.18,384.11,375.0,369.66
2017-02-17,606218.0,374.28,378.61,373.85,371.6
2017-02-21,695816.0,371.34,377.0,373.04,368.6
2017-02-22,509389.0,373.32,373.78,371.17,369.79
2017-02-23,569787.0,370.85,375.0,373.33,368.57
2017-02-24,593720.0,379.64,379.8,371.19,369.99
2017-02-27,356569.0,377.24,381.26,379.87,376.84
2017-02-28,433881.0,376.07,380.485,377.06,375.59
2017-03-01,490428.0,377.99,381.2,375.98,373.44
2017-03-02,603259.0,372.73,378.215,378.0,372.61
2017-03-03,331500.0,375.69,375.81,371.18,370.88
2017-03-06,365352.0,377.55,378.58,371.55,371.55
2017-03-07,264107.0,375.24,378.36,377.58,374.021
2017-03-08,781476.0,363.43,375.43,375.43,361.9
2017-03-09,3220355.0,376.01,376.49,364.0,364.0
2017-03-10,1249979.0,379.16,380.51,377.8,373.65
2017-03-13,1226233.0,380.32,385.78,381.22,379.21
2017-03-14,817730.0,381.38,385.15,380.49,379.1874
2017-03-15,663047.0,383.78,385.48,381.67,379.14
2017-03-16,743135.0,378.17,384.02,383.87,376.54
2017-03-17,1162607.0,375.64,378.805,378.51,374.78
2017-03-20,964616.0,383.57,385.3525,376.73,376.1
2017-03-21,833430.0,383.41,391.39,385.85,382.53
2017-03-22,551101.0,387.47,388.43,383.61,383.16
2017-03-23,718208.0,388.05,392.92,386.95,385.785
2017-03-24,1714621.0,388.09,392.43,390.66,384.08
2017-03-27,644319.0,384.0,386.44,385.0,381.655
2017-03-28,403418.0,384.86,386.77,384.22,383.255
2017-03-29,588899.0,394.0,394.47,386.05,384.74
2017-03-30,482773.0,397.14,398.0,393.08,391.8
2017-03-31,969419.0,400.37,403.62,396.01,395.48
2017-04-03,537819.0,402.47,403.33,400.94,397.23
2017-04-04,423659.0,399.98,402.63,402.63,398.31
2017-04-05,414153.0,400.04,404.54,399.11,398.17
2017-04-06,337885.0,402.18,402.9899,399.42,398.52
2017-04-07,424670.0,401.74,404.08,402.88,401.25
2017-04-10,418028.0,400.93,402.5,401.49,399.07
2017-04-11,450144.0,399.84,401.63,400.24,397.12
2017-04-12,488465.0,399.76,400.53,398.84,396.94
2017-04-13,366691.0,399.11,402.0,400.3,398.55
2017-04-17,388675.0,403.01,403.02,398.96,398.96
2017-04-18,285705.0,402.95,404.24,402.23,401.26
2017-04-19,325479.0,403.96,404.62,403.25,401.14
2017-04-20,459308.0,405.13,407.5455,404.66,401.76
2017-04-21,462762.0,401.84,405.58,405.41,401.29
2017-04-24,539571.0,404.03,406.47,405.12,398.61
2017-04-25,456749.0,406.55,406.86,404.3,403.2
2017-04-26,541868.0,407.33,409.87,407.28,404.55
2017-04-27,619481.0,410.94,414.8,414.39,403.0
2017-04-28,558085.0,417.7,418.12,410.65,409.18
2017-05-01,566181.0,420.18,420.7,417.69,416.3
2017-05-02,476363.0,422.86,423.56,420.48,418.16
2017-05-03,502476.0,423.18,424.97,424.09,420.18
2017-05-04,572567.0,424.28,425.34,422.93,418.63
2017-05-05,461073.0,426.25,426.45,424.54,421.745
2017-05-08,597535.0,426.64,427.69,426.66,422.13
2017-05-09,332422.0,425.91,427.815,427.64,424.42
2017-05-10,366648.0,425.05,427.29,426.08,423.73
2017-05-11,354598.0,428.77,429.32,424.35,422.91
2017-05-12,530033.0,431.07,431.29,427.77,426.62
2017-05-15,502299.0,429.81,433.77,430.88,429.06
2017-05-16,364010.0,427.64,431.385,429.8,424.65
2017-05-17,409142.0,426.97,430.14,426.6,426.16
2017-05-18,526996.0,425.76,426.56,425.5,420.96
2017-05-19,365260.0,426.74,429.79,426.69,423.98
2017-05-22,407034.0,434.68,435.35,425.31,425.31
2017-05-23,340407.0,435.79,439.1,435.8,434.35
2017-05-24,423433.0,440.43,441.72,434.94,434.94
2017-05-25,423103.0,444.97,446.0,442.64,439.94
2017-05-26,296585.0,441.22,446.58,444.98,439.97
2017-05-30,345328.0,439.91,442.755,440.47,439.79
2017-05-31,705127.0,441.01,442.65,440.68,436.91
2017-06-01,490396.0,436.93,443.02,441.7,436.03
2017-06-02,527848.0,444.32,444.71,437.93,435.0046
2017-06-05,348209.0,444.21,445.21,442.56,440.1452
2017-06-06,370917.0,442.31,447.26,444.44,441.08
2017-06-07,369442.0,440.69,444.32,442.02,437.16
2017-06-08,388120.0,440.39,441.87,441.75,434.06
2017-06-09,549105.0,439.21,442.7,439.39,435.78
2017-06-12,836525.0,425.01,440.165,436.78,422.27
2017-06-13,393340.0,430.54,435.0,425.57,425.44
2017-06-14,407657.0,432.1,437.34,436.43,430.78
2017-06-15,315186.0,433.96,435.28,429.08,427.1
2017-06-16,1702031.0,427.28,437.34,436.36,424.02
2017-06-19,455076.0,432.22,432.639,427.86,426.65
2017-06-20,443234.0,433.94,435.55,433.78,430.1
2017-06-21,695413.0,436.49,437.0,431.9,426.78
2017-06-22,584970.0,440.29,442.5,436.2,433.01
2017-06-23,1002923.0,434.07,442.62,439.79,433.79
2017-06-26,459676.0,438.49,440.14,434.37,433.7
2017-06-27,404454.0,433.65,439.825,437.94,433.15
2017-06-28,356688.0,430.76,437.96,436.65,429.34
2017-06-29,586315.0,421.28,431.0,428.12,416.72
2017-06-30,520193.0,429.16,431.23,424.08,423.56
2017-07-03,253337.0,422.76,435.11,431.54,421.315
2017-07-05,367697.0,424.08,425.555,424.03,420.59
2017-07-06,436338.0,418.43,423.69,421.5,416.64
2017-07-07,353581.0,423.3,425.35,418.98,418.78
2017-07-10,427427.0,427.085,427.99,423.77,423.15
2017-07-11,545148.0,431.04,431.815,427.98,426.3
2017-07-12,434807.0,437.11,439.94,433.25,430.97
2017-07-13,297041.0,436.24,438.53,436.43,434.2301
2017-07-14,299134.0,437.7,443.4543,437.92,436.68
2017-07-17,454211.0,435.48,438.87,437.7,433.64
2017-07-18,382525.0,438.28,438.57,435.0,431.8579
2017-07-19,380905.0,440.5,444.55,438.62,434.0911
2017-07-20,467284.0,441.21,443.6,440.2,438.06
2017-07-21,512744.0,441.44,445.1975,439.53,439.53
2017-07-24,267935.0,441.6,442.715,441.04,438.26
2017-07-25,258619.0,436.96,445.345,442.53,434.56
2017-07-26,324973.0,440.04,442.48,438.32,436.96
2017-07-27,368919.0,442.87,443.96,441.97,436.19
2017-07-28,353768.0,447.9,448.33,441.79,441.79
2017-07-31,365425.0,450.73,451.29,449.14,446.44
2017-08-01,451306.0,453.08,455.37,452.25,450.86
2017-08-02,632285.0,455.47,457.46,454.08,445.73
2017-08-03,816193.0,449.36,459.0,459.0,442.615
2017-08-04,440411.0,445.58,453.54,449.45,441.82
2017-08-07,474558.0,444.23,450.535,445.96,443.95
2017-08-08,295269.0,441.53,444.89,442.81,439.1
2017-08-09,356467.0,447.81,448.46,441.61,440.17
2017-08-10,276516.0,439.48,446.92,446.66,438.54
2017-08-11,327059.0,438.39,441.9,440.71,437.32
2017-08-14,430421.0,449.49,450.3,441.39,441.39
2017-08-15,278870.0,448.33,449.48,445.72,445.72
2017-08-16,303840.0,454.79,455.74,449.66,447.66
2017-08-17,366006.0,451.55,458.85,454.78,451.23
2017-08-18,466715.0,450.0,454.29,450.96,448.3
2017-08-21,300641.0,450.29,451.5,447.2,447.19
2017-08-22,332882.0,456.29,457.04,450.55,448.93
2017-08-23,559936.0,461.8,462.225,455.71,455.61
2017-08-24,475614.0,463.53,465.89,461.93,460.64
2017-08-25,428457.0,466.19,468.16,465.24,463.71
2017-08-28,303540.0,462.91,468.86,467.68,460.96
2017-08-29,329727.0,466.24,467.41,462.11,460.45
2017-08-30,311867.0,465.67,466.79,465.77,463.43
2017-08-31,456158.0,468.41,470.44,467.01,465.58
2017-09-01,348119.0,465.96,469.879,468.24,464.19
2017-09-05,731022.0,463.49,465.49,464.83,456.2
2017-09-06,508998.0,463.52,464.5099,462.85,460.74
2017-09-07,373431.0,464.82,468.86,464.0,462.26
2017-09-08,651629.0,462.0,464.61,463.19,460.33
2017-09-11,585894.0,474.42,474.71,464.52,462.45
2017-09-12,447888.0,468.38,475.28,474.19,464.29
2017-09-13,803026.0,458.87,468.42,468.36,457.65
2017-09-14,696451.0,454.91,457.655,457.32,451.31
2017-09-15,1018602.0,455.31,457.73,456.58,447.52
2017-09-18,787633.0,450.15,457.2,456.22,449.09
2017-09-19,781087.0,453.04,456.99,450.45,448.95
2017-09-20,1017216.0,449.24,456.47,453.74,447.02
2017-09-21,403942.0,446.57,450.995,449.55,446.5
2017-09-22,406042.0,441.66,449.34,447.1,440.84
2017-09-25,441707.0,437.21,441.99,441.84,435.9
2017-09-26,412976.0,434.42,439.065,439.0,434.19
2017-09-27,655060.0,441.93,443.45,434.68,430.71
2017-09-28,284989.0,441.72,443.82,441.38,439.275
2017-09-29,400700.0,446.3,447.1,441.51,439.67
2017-10-02,418588.0,444.48,451.555,447.33,444.3
2017-10-03,260081.0,442.36,443.93,443.93,440.3
2017-10-04,223511.0,442.97,444.08,442.35,439.54
2017-10-05,319311.0,445.42,448.145,445.16,443.19
2017-10-06,381411.0,448.83,449.95,443.81,440.305
2017-10-09,207818.0,451.32,452.46,448.96,447.98
2017-10-10,257156.0,451.89,457.29,453.19,451.51
2017-10-11,391779.0,458.97,461.28,453.65,453.57
2017-10-12,438747.0,464.7,468.22,458.38,458.38
2017-10-13,250232.0,462.82,467.29,467.29,460.825
2017-10-16,220528.0,461.35,465.92,463.61,460.14
2017-10-17,277964.0,461.58,462.8,460.41,458.59
2017-10-18,404500.0,471.23,471.62,464.05,458.0
2017-10-19,369089.0,470.55,472.41,470.7,469.46
2017-10-20,319301.0,468.76,472.71,472.71,466.47
2017-10-23,484395.0,458.81,469.43,469.43,458.2
2017-10-24,289879.0,462.97,464.48,461.37,460.59
2017-10-25,478259.0,457.93,466.49,462.75,457.325
2017-10-26,468614.0,454.2,462.71,460.32,453.27
2017-10-27,327238.0,456.51,457.19,454.57,453.05
2017-10-30,245290.0,459.73,461.79,456.32,455.18
2017-10-31,351360.0,463.5,464.48,458.36,457.31
2017-11-01,426760.0,467.06,467.74,464.97,463.52
2017-11-02,864566.0,488.68,491.8,481.0,476.4
2017-11-03,464702.0,486.65,489.92,485.87,482.66
2017-11-06,397390.0,491.62,493.093,484.99,484.99
2017-11-07,469263.0,488.06,493.8,492.86,483.02
2017-11-08,435843.0,492.98,495.345,486.94,486.94
2017-11-09,243470.0,484.86,493.91,491.73,483.69
2017-11-10,271249.0,482.21,485.07,484.24,480.92
2017-11-13,428148.0,484.12,485.92,481.91,478.54
2017-11-14,274403.0,481.05,484.31,480.07,478.32
2017-11-15,312721.0,474.42,483.44,479.37,473.52
2017-11-16,463455.0,475.09,477.395,474.9,473.34
2017-11-17,297214.0,472.8,475.63,473.74,470.011
2017-11-20,174125.0,471.89,474.53,474.27,470.49
2017-11-21,374309.0,474.26,475.13,472.69,471.28
2017-11-22,173513.0,472.37,475.02,473.08,470.795
2017-11-24,99630.0,474.07,476.73,473.0,472.265
2017-11-27,316294.0,478.92,481.24,474.04,472.11
2017-11-28,332594.0,477.95,481.485,481.4,475.86
2017-11-29,420168.0,468.32,478.0,478.0,464.93
2017-11-30,590724.0,464.49,468.19,468.19,461.295
2017-12-01,367982.0,469.16,469.46,464.75,461.24
2017-12-04,655033.0,442.28,471.39,471.03,441.78
2017-12-05,424319.0,445.59,449.4,442.29,441.0
2017-12-06,324553.0,450.24,452.7284,446.88,445.53
2017-12-07,532614.0,455.77,458.1099,450.74,448.02
2017-12-08,381615.0,452.39,459.66,459.04,450.19
2017-12-11,481678.0,449.58,455.58,451.63,446.42
2017-12-12,321990.0,450.21,453.11,449.7,446.41
2017-12-13,618088.0,451.28,457.97,454.71,450.25
2017-12-14,390151.0,460.35,461.17,452.34,450.205
2017-12-15,769772.0,457.85,462.43,462.43,455.31
2017-12-18,546300.0,455.82,461.98,457.85,455.46
2017-12-19,372187.0,448.52,456.58,455.65,445.31
2017-12-20,484943.0,447.2,448.17,446.24,444.96
2017-12-21,321018.0,445.89,451.08,448.81,444.66
2017-12-22,366070.0,446.6,448.2,446.61,443.75
2017-12-26,314742.0,446.7,447.505,443.01,442.65
2017-12-27,248618.0,451.69,452.16,447.7,445.73
2017-12-28,300692.0,455.11,456.625,451.12,449.4
2017-12-29,264660.0,453.22,458.86,455.55,452.77
2018-01-02,559804.0,446.92,456.56,453.53,445.97
2018-01-03,460017.0,448.98,452.56,449.14,446.65
2018-01-04,449089.0,447.95,450.46,449.33,447.43
2018-01-05,331565.0,449.49,450.94,450.15,447.81
2018-01-08,474446.0,458.2,461.36,450.79,448.0
2018-01-09,397379.0,455.98,461.73,459.89,454.01
2018-01-10,631575.0,443.0,453.78,453.02,442.2601
2018-01-11,602151.0,435.39,452.28,443.0,435.04
2018-01-12,1089000.0,435.95,439.535,436.17,428.3
2018-01-16,831591.0,448.1,452.61,436.8,436.49
2018-01-17,623323.0,441.9,452.49,448.87,439.16
2018-01-18,773255.0,437.45,444.93,440.1,436.82
2018-01-19,591620.0,437.89,442.07,438.78,433.48
2018-01-22,700561.0,436.05,439.28,438.0,433.31
2018-01-23,790038.0,442.0,446.21,436.19,434.57
2018-01-24,603680.0,441.3,445.73,442.78,438.85
2018-01-25,917592.0,439.17,444.78,441.46,433.0
2018-01-26,1220813.0,441.59,442.68,435.0,432.01
2018-01-29,620648.0,435.16,449.9,446.98,434.47
2018-01-30,646837.0,439.56,441.84,430.0,430.0
2018-01-31,730378.0,455.19,458.64,442.45,440.1
2018-02-01,563577.0,444.54,457.86,452.69,443.755
2018-02-02,529966.0,437.35,446.26,442.0,435.52
2018-02-05,493018.0,429.81,441.84,436.98,427.0
2018-02-06,697783.0,430.85,434.04,427.31,421.205
2018-02-07,421448.0,426.08,438.05,430.0,425.8
2018-02-08,848411.0,409.98,430.0,427.57,409.94
2018-02-09,993716.0,425.81,430.01,412.0,409.48
2018-02-12,875277.0,431.45,438.17,428.61,416.16
2018-02-13,866067.0,436.25,437.83,431.69,426.01
2018-02-14,864776.0,435.83,436.88,434.3,428.93
2018-02-15,2770234.0,407.31,420.0,418.27,401.0
2018-02-16,1313728.0,403.3,408.6775,405.29,396.29
2018-02-20,793345.0,396.44,405.96,400.75,396.12
2018-02-21,1192493.0,384.92,396.04,395.01,384.59
2018-02-22,856445.0,390.45,393.54,388.85,384.22
2018-02-23,1029430.0,394.84,402.4962,390.14,390.14
2018-02-26,452708.0,394.18,397.42,396.68,391.04
2018-02-27,512699.0,391.21,396.65,394.87,389.46
2018-02-28,592631.0,392.1,398.45,396.58,391.28
2018-03-01,549060.0,386.29,394.68,393.01,385.48
2018-03-02,808043.0,381.82,387.02,385.66,374.91
2018-03-05,426608.0,388.51,391.0,370.79,370.79
2018-03-06,432578.0,391.62,395.02,387.9,386.955
2018-03-07,649384.0,391.38,394.16,390.15,389.78
2018-03-08,542990.0,389.42,393.06,393.06,387.37
2018-03-09,455301.0,395.16,395.38,391.3,388.8555
2018-03-12,1025596.0,395.35,399.89,397.49,394.88
2018-03-13,799834.0,405.42,405.96,397.39,397.34
2018-03-14,908594.0,413.71,416.435,404.9,404.15
2018-03-15,706788.0,415.23,415.68,412.58,410.72
2018-03-16,1056853.0,419.89,421.0,417.33,413.75
2018-03-19,942956.0,411.71,418.17,415.34,409.12
2018-03-20,419422.0,415.26,415.96,411.32,411.32
2018-03-21,559147.0,411.84,415.98,415.74,407.69
2018-03-22,1023078.0,417.58,420.85,410.86,407.82
2018-03-23,829950.0,401.68,419.1099,417.74,401.0
2018-03-26,447177.0,409.61,410.27,405.84,404.37
2018-03-27,505943.0,409.88,417.25,410.76,404.0001
2018-03-28,590493.0,417.02,418.44,411.4,410.95
2018-03-29,628824.0,418.14,421.59,420.09,414.8
2018-04-02,627355.0,408.55,419.81,419.12,403.7
2018-04-03,467491.0,408.6,412.43,409.11,404.98
2018-04-04,497914.0,411.99,413.18,406.19,404.18
2018-04-05,386004.0,413.59,414.608,412.61,409.01
2018-04-06,518876.0,407.04,416.23,411.85,404.44
2018-04-09,535653.0,409.57,417.875,410.09,408.05
2018-04-10,607414.0,405.59,415.18,412.34,402.67
2018-04-11,465630.0,408.98,411.87,403.24,401.66
2018-04-12,358743.0,401.2,410.6,410.26,400.735
2018-04-13,345843.0,401.45,404.9,402.04,399.92
2018-04-16,396676.0,405.52,406.63,404.96,401.01
2018-04-17,579242.0,409.76,413.32,406.05,403.08
2018-04-18,483379.0,414.18,415.0,411.53,409.17
2018-04-19,382344.0,409.37,412.52,412.52,406.0
2018-04-20,411177.0,406.06,414.28,411.2,405.11
2018-04-23,568473.0,407.58,408.84,406.61,405.13
2018-04-24,615949.0,409.53,410.72,409.0,407.33
2018-04-25,460362.0,410.21,411.38,408.59,406.17
2018-04-26,364749.0,416.08,418.53,412.97,409.945
2018-04-27,485837.0,421.15,422.19,416.26,415.0
2018-04-30,538460.0,420.79,423.4,422.47,419.05
2018-05-01,450184.0,423.03,424.87,420.79,417.89
2018-05-02,1047389.0,424.09,433.26,422.16,420.255
2018-05-03,1441011.0,398.13,423.0,417.0,393.12
2018-05-04,548679.0,403.88,405.77,396.2,396.2
2018-05-07,705405.0,394.16,405.45,404.09,392.21
2018-05-08,978522.0,388.34,393.92,392.48,384.45
2018-05-09,483982.0,388.17,390.29,389.26,386.14
2018-05-10,390264.0,398.66,398.945,390.22,389.52
2018-05-11,431850.0,401.89,406.02,400.0,398.18
2018-05-14,274674.0,397.95,402.61,400.45,396.84
2018-05-15,553475.0,388.32,395.8,394.47,386.61
2018-05-16,425339.0,385.76,394.005,388.96,384.56
2018-05-17,426643.0,381.93,387.68,386.02,380.16
2018-05-18,634226.0,385.86,389.67,382.0,381.95
2018-05-21,482765.0,388.75,388.93,387.24,384.91
2018-05-22,413653.0,383.19,388.29,387.85,382.26
2018-05-23,552952.0,384.42,384.995,381.96,379.66
2018-05-24,610365.0,387.0,392.0,391.57,385.18
2018-05-25,365354.0,388.05,391.37,386.45,384.73
2018-05-29,589484.0,396.1,396.64,388.65,385.57
2018-05-30,603626.0,401.29,403.32,393.85,393.85
2018-05-31,901470.0,396.85,403.15,396.25,394.01
2018-06-01,670350.0,399.21,400.47,397.19,395.2427
2018-06-04,403736.0,400.94,401.675,398.53,395.9
2018-06-05,518106.0,395.57,403.0,401.41,394.91
2018-06-06,418438.0,395.51,397.77,395.64,390.74
2018-06-07,390240.0,397.42,398.66,395.43,393.4
2018-06-08,439477.0,403.35,403.8,396.0,395.17
